-1.31869	-0.135302
-1.02537	-0.13157
-1.02975	-0.380611
-0.98354	-0.494303
-0.895373	-0.281264
-0.842678	-0.148738
-0.840367	-0.386326
-0.984517	-0.221742
-0.968641	-0.158011
-0.571422	-0.377625
-0.166443	-0.178772
-0.370739	-0.0222596
-0.698723	0.155033
0.176268	-0.026873
-0.0902329	-0.0474473
-0.176216	-0.175701
-0.360612	-0.157499
-0.523926	0.00938299
-0.767892	0.100769
-0.963642	0.108032
-0.803287	0.279981
-0.752213	0.295459
-0.61079	0.233429
-0.854585	0.0767532
-0.726041	0.041995
-0.701413	0.0119176
-0.609052	-0.0153673
-0.559033	0.0309752
-0.422837	0.0505417
-0.434606	0.0138328
-0.560308	0.0894642
-0.486779	0.0854607
-0.542655	0.088317
-0.485267	0.108544
-0.454694	0.00953118
-0.513127	0.0907555
-0.521454	0.106578
-0.408436	0.0829428
-0.239239	0.143869
-0.336532	0.0353826
-0.51184	-0.118455
-0.548498	-0.119163
-0.545096	-0.0307243
-0.534527	-0.0582304
-0.368007	-0.0910308
-0.0831995	-0.0602842
-0.0141598	-0.0669549
-0.223254	-0.0882664
-0.280772	-0.111812
-0.35483	-0.0891446
-0.450331	-0.158187
-0.780653	0.068572
-0.978454	-0.0747793
-0.885217	-0.0987561
-0.848281	-0.156287
-0.761045	-0.286381
-0.431677	0.192538
-0.0652585	-0.0365619
-0.351043	-0.00527508
-0.457983	-0.00477416
-0.351696	-0.1776
-0.314259	-0.401745
-0.0304533	-0.403717
0.03357	-0.275368
-0.302694	0.231163
-0.340584	0.0921313
-0.13955	0.114726
-0.16934	-0.127223
-0.568308	-0.0837323
-0.743103	-0.0926217
-0.624456	-0.136532
-0.593515	-0.0278394
-0.528128	-0.300234
-0.553135	-0.0549883
-0.727055	-0.00889459
-0.634227	-0.0963665
-0.751562	0.066713
-0.398704	0.505269
-0.602387	1.09689
-0.57604	1.15642
-0.620867	1.16959
-0.679326	1.1996
-0.640039	1.14542
-0.711758	1.24328
-0.872269	1.15939
-0.888919	1.02039
-0.95692	0.780948
-0.93196	0.471929
-0.794166	0.348906
-0.271792	0.243292
-0.184352	0.237307
-0.134721	0.140172
-0.392816	0.10318
-0.340534	-0.0357337
-0.415937	0.0552773
-0.401447	-0.0982523
-0.538547	-0.0802607
-0.598244	-0.0557894
-0.32753	-0.0605687
-0.0923945	0.0503742
-0.617839	0.380722
-0.825486	0.0703092
-0.802333	0.0664405
-0.893596	-0.00193044
-0.842899	0.000858962
-0.923765	-0.00505918
-0.714636	-0.138613
-0.817377	-0.177566
-0.580598	-0.159472
0.0166257	0.294684
-0.316227	0.206557
-0.374428	-0.165345
-0.634221	-0.247871
-0.831448	-0.326444
-0.436619	0.0193927
-0.371338	0.0402562
-0.369312	0.235244
-0.28032	0.257384
-0.537277	0.312044
-0.520623	0.356734
-0.445139	0.330942
-0.424522	0.417893
-0.416226	0.437705
-0.192411	0.366226
-0.0334771	0.278376
-0.0186521	0.154423
-0.0579958	0.103367
-0.0592399	0.0833757
-0.0709128	0.0413043
-0.0206166	0.164862
-0.0250115	0.240333
-0.331569	0.502333
-0.59357	0.507335
-0.536462	0.557114
-0.508725	0.604175
-0.468402	0.543641
-0.510206	0.613869
-0.495656	0.58864
-0.419673	0.500086
-0.488394	0.511494
-0.504257	0.581487
-0.64626	0.331878
-0.586838	0.340907
-0.322153	0.391426
-0.341621	0.462723
-0.361419	0.516545
-0.301099	0.469028
-0.115519	0.405782
-0.0117202	0.344103
0.115603	0.296849
0.210918	0.387079
0.300354	0.314368
0.518542	0.204085
0.516473	0.509381
0.501695	0.654034
0.296772	0.681456
-0.0547697	0.575129
-0.304293	0.0450274
0.162504	-0.0733232
0.162439	-0.259747
-0.0711278	-0.774565
-0.275192	-0.285016
-0.177189	0.0148184
-0.284991	0.335102
-0.0416655	0.241677
0.0829833	0.216362
0.327576	0.189077
0.358711	0.321102
0.279939	0.346011
0.199944	0.430989
0.133876	0.189729
-0.162393	0.111013
-0.461448	0.0906034
-0.606195	0.118133
-0.621581	-0.0871784
-0.75598	0.0820294
-0.656386	-0.0372201
-0.692061	-0.124236
-0.798086	-0.0744243
-0.725118	-0.100246
-0.701778	-0.260786
-0.752252	-0.372678
-0.726083	-0.390539
-0.825783	-0.388338
-0.725941	-0.362517
-0.762432	-0.229989
-0.612254	-0.22787
-0.685263	-0.296887
-0.755625	-0.295735
-0.883969	-0.340267
-0.859344	-0.344014
-0.760122	-0.41695
-0.406479	0.0738532
0.0622765	0.424388
0.137845	0.410439
0.225275	0.463574
0.473933	0.517409
0.260017	0.500103
0.15408	0.691384
0.0605896	0.618246
-0.0942524	0.526744
-0.445716	0.550668
-0.479966	0.260761
-0.453882	0.188803
-0.604681	0.0738711
-0.646881	-0.0833908
-0.620066	-0.221183
-0.580735	-0.281297
-0.543823	-0.317767
-0.472962	-0.205259
-0.297832	0.122228
-0.467234	0.258155
-0.396715	0.0609765
-0.440859	0.133062
-0.654131	0.0886852
-1.08968	0.104163
-0.981243	-0.259253
-0.611059	0.0179879
-0.0561319	0.00700349
-0.24267	-0.284107
-0.363884	-0.221214
-0.330038	-0.17456
-0.193349	-0.146668
-0.0573081	-0.0613482
-0.0677515	0.00941235
-0.445859	0.186526
-0.390424	0.222133
-0.296893	0.205667
-0.229812	0.204106
-0.326086	0.287366
-0.272691	0.258751
-0.321387	0.315566
-0.249061	0.395537
0.00302727	0.401235
0.123488	0.348512
0.185261	0.302821
0.234252	0.224811
0.334978	0.192503
0.117194	0.323997
0.0348261	0.400469
-0.131634	0.512892
-0.326159	0.542233
-0.646294	0.695921
-0.617163	0.546431
-0.725796	0.514054
-0.725468	0.418198
-0.74753	0.34454
-0.71184	0.28845
-0.840729	0.352377
-1.05261	0.370582
-0.908514	0.375276
-0.624421	0.526309
-0.431043	0.513857
-0.485186	0.415642
-0.103538	-0.0285939
0.0155097	0.220577
0.14015	0.138585
0.0513749	0.247987
0.075639	0.346103
-0.267791	0.494429
-0.41335	0.488293
-0.573442	0.556066
-0.526322	0.43652
-0.33235	0.192138
-0.492632	0.210378
-0.505174	0.181555
-0.520442	0.174469
-0.675376	0.256361
-0.679025	0.404273
-0.65261	0.263445
-0.516199	0.166503
-0.238558	0.0980172
-0.160872	0.0657578
-0.146584	0.188943
-0.222829	0.274896
-0.303518	0.302836
-0.34181	0.260826
-0.586383	0.209468
-0.548216	0.175109
-0.599179	0.0170402
-0.380316	-0.104996
-0.32789	-0.0049076
-0.276	0.233972
-0.279916	0.353252
-0.601878	0.467336
-1.06854	0.387255
-0.275815	0.38815
-0.35105	0.247005
-0.504185	0.318993
-0.275149	0.252516
-0.208275	0.429227
0.0548416	0.108082
0.00684332	0.226195
-0.129773	0.465246
-0.106598	-0.128361
-0.198843	-0.260271
-0.517065	-0.251254
-0.467699	-0.369197
-0.515221	-0.328524
-0.595304	-0.163346
-0.735617	-0.0369774
-0.784931	0.0407226
-0.69263	0.000382097
-0.500078	0.0452514
-0.220434	0.0331756
-0.048832	-0.00209762
-0.0482689	0.203464
-0.351083	0.455505
-0.364997	0.711191
-0.44125	0.661564
-0.312028	0.520319
-0.182045	0.576857
-0.151833	0.277828
-0.120764	0.407942
-0.141944	0.452654
-0.180605	0.464089
-0.0396221	0.531263
-0.093368	0.618277
-0.0982452	0.427399
-0.271523	0.457689
-0.348203	0.43054
-0.4916	0.221042
-0.483556	0.120402
-0.251007	0.143385
-0.00673959	0.06892
-0.0218732	0.0772029
-0.304136	0.157205
-0.498732	0.338404
-0.75119	0.357074
-0.513409	0.244064
-0.418805	0.306126
-0.364858	0.312335
-0.544333	0.384296
-0.839486	0.133907
-0.651214	0.258302
-0.365719	0.445553
-0.510234	0.555805
-0.697642	0.50194
-0.54155	0.301395
-0.605659	0.439742
-0.389204	0.511087
-0.718636	0.149413
-0.839526	0.157302
-0.850915	0.103581
-0.918713	0.074093
-0.955644	-0.287055
-0.900812	-0.172063
-0.697478	-0.23826
-0.753858	-0.217525
-0.747892	-0.2928
-0.838339	-0.357938
-0.817614	-0.197436
-0.890746	-0.259725
-1.00297	-0.337052
-0.972058	-0.0613955
-0.804398	-0.267631
-0.806925	-0.275409
-0.921372	-0.140235
-1.00773	-0.181544
-1.20758	-0.343784
-1.45191	-0.335693
-1.19212	0.210436
-0.619168	0.226983
-0.871891	-0.0460153
-0.880212	-0.00889541
-0.75949	-0.067548
-0.811162	0.0820255
-0.650909	0.0249046
-0.576459	0.0134793
-0.560386	0.0309269
-0.525625	0.0316087
-0.558024	0.108515
-0.546861	0.0262909
-0.616	0.0243069
-0.544108	-0.0114592
-0.611349	0.0293618
-0.612856	0.0528557
-0.572525	0.0977979
-0.518023	0.11981
-0.429621	0.135094
-0.541865	0.254392
-0.703497	0.486858
-0.575092	0.302388
-0.566297	0.314326
-0.560682	0.148534
-0.673338	0.230983
-0.86375	0.418848
-0.875935	0.562632
-0.712717	0.527803
-0.669983	0.510043
-0.583902	0.458372
-0.530105	0.413365
-0.407227	0.329438
-0.328593	0.22149
-0.187074	0.271418
0.078818	0.275874
0.041354	0.403206
0.149065	0.430102
0.0476757	0.147808
0.0918691	0.0919055
-0.174271	0.018782
-0.488687	0.0595844
-0.550367	0.0976031
-0.507525	0.0754786
-0.466773	0.114007
-0.466756	0.205332
-0.369064	0.292521
0.155548	0.334998
-0.0789052	0.393313
-0.232116	0.373574
-0.281867	0.225759
-0.483139	-0.0569393
-0.555193	0.0432533
-0.626641	-0.058675
-0.848749	-0.0494836
-0.672034	-0.0253093
-0.63585	-0.05756
-0.721183	-0.0958652
-0.668914	-0.0597372
-0.639167	-0.149137
-0.336601	0.510698
-0.452439	0.0994586
-0.579208	-0.00788998
-0.553564	-0.112277
-0.581272	-0.18481
-0.714422	-0.121579
-0.812326	-0.0628266
-0.755441	-0.122647
-0.746022	-0.0971643
-0.531753	-0.19473
-0.3769	-0.106826
-0.159447	-0.0582404
0.0671263	0.102279
0.248481	0.255202
0.225034	0.482508
0.276458	0.517309
0.309343	0.473487
0.299008	0.430619
0.194003	0.407636
-0.17169	0.542315
-0.349135	0.52012
-0.444257	0.265024
-0.462227	0.27255
-0.55624	0.36676
-0.623837	0.6432
-0.793921	0.744853
-0.819479	0.875942
-0.82437	0.990963
-0.813903	0.987033
-0.706563	0.915649
-0.782785	0.904541
-0.928222	0.836257
-0.879354	0.654009
-0.751222	0.506758
-0.651462	0.505643
-0.603397	0.41957
-0.360347	0.271131
-0.108686	0.161609
0.106079	0.194516
0.284598	0.269495
0.500556	0.16534
0.3407	0.230229
0.414431	-0.034659
0.332362	-0.188791
0.0615788	-0.0950321
-0.298243	0.0722902
-0.515615	0.159694
-0.585721	0.201953
-0.535195	0.352914
-0.460086	0.425591
-0.405364	0.444759
-0.350446	0.437983
-0.49148	0.504878
-0.556304	0.641504
-0.588083	0.783702
-0.38822	0.57369
-0.344432	0.883724
-0.308775	0.638806
-0.414351	0.47584
-0.52248	0.464896
-0.58031	0.177054
-0.562103	-0.0568174
-0.65714	0.0277887
-0.57669	-0.0977681
-0.721071	-0.119391
-0.668513	-0.0219424
-0.812601	-0.0105124
-0.777808	-0.299049
-1.09669	-0.266228
-0.900275	-0.0920698
-0.882464	-0.231875
-1.036	-0.228572
-0.854156	-0.203623
-0.885491	-0.275981
-0.771863	-0.408481
-0.851706	-0.276639
-0.962573	-0.268917
-0.764553	-0.314667
-1.0171	-0.410297
-0.978189	-0.254893
-0.795569	-0.21962
-0.335476	0.143129
-0.224173	0.346336
-0.306822	0.355782
-0.339966	0.139653
-0.170254	-0.00212426
0.0412236	0.403161
0.0445322	0.413109
-0.0941468	0.512927
-0.123955	0.431586
-0.287144	0.459008
-0.295926	0.422036
-0.491961	0.497162
-0.771646	0.522076
-1.08106	0.293738
-0.984284	0.164753
-0.707597	0.448701
-0.665069	0.5977
-0.526379	0.642021
-0.486355	0.616492
-0.592046	0.624434
-0.49944	0.612719
-0.379282	0.586982
-1.45139	0.320258
-1.24588	0.387068
-1.07433	0.397801
-0.988817	0.239424
-0.657226	0.102678
-0.852578	0.116431
-0.712085	0.225871
-0.646342	0.214147
-0.597245	0.123536
-0.602823	0.175431
-0.551849	0.0908413
-0.43409	-0.00970234
-0.437272	-0.0817671
-0.418372	-0.0766761
-0.477297	-0.0198141
-0.314853	-0.0547672
-0.0808563	-0.0599741
-0.289273	0.210753
-0.601731	0.376559
-0.583807	0.263655
-0.436891	0.352859
-0.423492	0.443087
-0.578134	0.477255
-0.683798	0.431048
-0.618533	0.229355
-0.62229	0.115384
-0.523657	0.0561076
-0.44834	0.106417
-0.22704	0.0644872
-0.141527	0.219416
0.0282484	0.101994
-0.0622578	0.1683
-0.200278	0.251424
-0.298324	0.357544
-0.221548	0.221307
-0.456421	0.270142
-0.309877	0.477277
-0.314562	0.313488
-0.309481	0.0437518
-0.407393	0.0810994
-0.782111	0.15674
-0.776592	0.0505232
-0.649079	0.425657
-0.749512	0.181357
-0.821783	0.0379811
-0.933986	0.0351952
-0.749503	-0.0566953
-0.636516	0.110122
-0.525348	-0.126289
-0.797943	-0.0650326
-1.23217	0.0814859
-1.21013	-0.0577808
-0.87787	0.512361
-0.944524	0.458012
-0.871917	0.362662
-0.908253	0.322063
-0.945075	0.239531
-0.854555	0.125658
-0.73673	0.00775148
-0.6908	0.0331992
-0.699265	0.245103
-0.837448	0.124428
-1.00729	-0.372341
-1.37491	-0.76008
-0.564811	-0.00572567
-1.00443	0.0683083
-1.05801	0.203849
-1.00385	0.144181
-1.04539	0.378602
-0.878614	0.346508
-0.722064	0.146219
-0.795872	0.25709
-0.803126	0.294658
-0.605803	0.38642
-0.557792	0.525317
-0.385091	0.574954
-0.296367	0.627037
-0.172558	0.790422
-0.2101	0.765766
-0.235234	0.746944
-0.32132	0.684826
-0.434367	0.619294
-0.535155	0.501586
-0.70364	0.399858
-0.719165	0.206199
-0.768289	0.156126
-0.769378	0.0677039
-0.766498	0.0158435
-0.751383	0.0566468
-0.632871	0.268774
-0.63071	0.225075
-0.579245	0.156286
-0.565842	0.167929
-0.448001	0.0641404
-0.481395	0.153542
-0.474116	0.307922
-0.370077	0.424439
-0.12315	0.468156
-0.390533	0.42167
-0.240837	0.241042
-0.550544	0.081352
-1.18029	-0.460727
-1.13521	-0.527737
-0.884226	0.272514
-0.925403	0.217972
-1.02531	0.228754
-0.921304	0.253181
-0.758376	0.360102
-0.536688	0.432858
-0.123756	0.476416
-0.174929	0.579097
0.0130069	0.506918
0.0777945	0.568712
-0.0442271	0.439532
0.162566	0.330301
-0.0861258	0.377013
-0.380713	0.659088
-0.384982	0.458895
-0.654007	0.372614
-0.789625	0.292574
-0.792554	0.241684
-0.865567	0.277361
-0.92657	0.353636
-0.8973	0.212547
-0.701777	0.273294
-0.753891	0.391833
-0.719273	0.487548
-0.641252	0.634014
-0.341304	0.744968
-0.283917	0.665111
-0.415605	0.610682
-0.275774	0.462539
-0.352668	-0.0296534
-0.614657	0.0362511
-0.756828	0.0328078
-0.539287	-0.0672483
-0.568126	-0.11824
-0.229001	-0.180841
-0.628242	0.0949684
-0.71914	0.0101859
-0.735019	-0.0328373
-0.87878	0.0398594
-0.97109	0.131146
-0.84428	0.0474058
-0.702412	0.101733
-0.699966	0.108818
-0.69418	0.292628
-0.763926	0.374381
-0.499441	0.228067
-0.422434	0.282938
-0.399212	0.217493
-0.316108	0.244626
-0.37706	0.222643
-0.924749	-0.0153043
-1.32781	-0.752317
-1.11715	-0.0737862
-0.66617	-0.239743
-0.803172	-0.252643
-0.895042	-0.229482
-0.928193	-0.131258
-0.837504	-0.0872373
-0.715629	-0.172545
-0.605428	-0.100194
-0.394896	0.0569316
-0.132706	0.120313
0.0302553	0.153833
-0.0167167	0.054524
-0.0106225	0.175944
-0.128487	0.241913
-0.139499	0.251494
-0.197415	0.379105
-0.128754	0.305736
-0.610318	0.414428
-0.589554	0.332099
-0.452582	0.590467
-0.0973523	0.349001
-0.185165	0.507565
-0.086938	0.305368
-0.287963	0.394319
-0.910142	0.49312
-1.24415	0.285242
-1.15607	0.370074
-0.743912	0.523402
-0.510558	0.350015
-0.352703	0.203058
-0.385422	0.118099
-0.547607	0.026063
-0.529466	0.0499198
-0.516462	0.250085
-0.526615	0.320438
-0.473191	0.519075
-0.761069	0.77494
-0.777734	0.753624
-0.71953	0.684523
-0.591781	0.574469
-0.417033	0.337595
-0.606143	0.37311
-0.577374	-0.13383
-0.846225	-0.124395
-0.925675	-0.322427
-0.979915	-0.724489
-0.712516	-0.293146
-1.04367	0.136386
-0.758735	0.693184
-0.496589	0.78341
-0.375568	0.522159
-0.252471	0.216536
-0.198502	0.361241
-0.0808788	0.419445
-0.125453	0.769896
-0.0386877	0.394999
-0.188187	0.295177
-0.228071	0.20255
-0.144484	0.108846
-0.208348	0.167617
-0.337442	0.0557426
-0.247305	0.136336
-0.119665	0.312846
-0.123621	0.10412
-0.339919	0.232278
-0.422879	0.222197
-0.553145	0.269812
-0.755303	-0.0903116
-0.768009	-0.213435
-0.785634	-0.0179542
-0.898428	-0.184274
-0.910371	-0.181339
-0.72443	-0.0908176
-0.887624	-0.133123
-0.816788	-0.000373119
-0.803513	-0.14228
-0.85794	-0.300342
-0.869455	-0.186471
-0.814267	-0.370316
-0.826463	-0.335227
-0.940363	-0.343203
-0.762249	-0.380304
-0.0385293	0.128071
0.408948	0.251431
0.209505	0.36482
0.256131	0.36476
-0.0541376	0.5218
-0.36227	0.450769
-0.304646	0.115385
0.0940271	-0.0183575
-0.0738742	0.184914
-0.0588424	0.200727
-0.763948	0.54145
-1.53899	0.398934
-1.12371	0.416741
-0.595434	0.182523
-0.780468	0.0771096
-0.637574	-0.0192117
-0.64197	-0.044104
-0.612408	-0.263663
0.00488106	0.260733
-0.316631	0.416268
-0.361426	0.328256
-0.379383	0.32223
-0.29683	0.2667
-0.324089	0.36302
0.0126842	0.498282
-0.041677	0.533901
-0.221442	0.417769
-0.404255	0.245587
-0.755914	-0.00246476
-0.595022	0.0626144
-0.525344	0.165057
-0.666939	0.209324
-0.756104	0.319296
-0.617014	0.336492
-0.379586	0.492168
-0.502963	0.683553
-0.601182	0.585511
-0.526759	0.752808
-0.638015	0.901913
-0.640787	0.912824
-0.819611	0.831615
-0.858894	0.555464
-0.7255	0.320879
-0.478612	0.143725
-0.244634	0.185484
0.0641015	0.063371
0.178348	0.202761
0.167845	0.252406
-0.123436	0.223062
-0.237837	0.430554
-0.265207	0.26789
-0.348654	0.297025
-0.599873	0.17165
-0.770507	-0.0392105
-0.818914	-0.188561
-0.218042	-0.0699189
-0.330323	-0.239404
-0.214712	-0.223203
-0.57409	-0.52553
-0.688246	-0.0381424
-0.751804	0.238873
-0.736469	0.479081
-0.601824	0.440005
-0.691524	0.475569
-0.575392	0.365576
-0.64112	0.339193
-0.628456	0.275943
-0.66879	0.240092
-0.653004	0.161358
-0.616859	0.213694
-0.546106	0.269329
-0.34435	0.277609
-0.233758	0.191009
-0.238358	-0.0191753
-0.434143	-0.13831
-0.527961	-0.151834
-0.549372	-0.121149
-0.565697	-0.073177
-0.562541	-0.0860052
-0.595391	-0.00633095
-0.609611	0.137333
-0.685603	0.276481
-0.605721	0.21653
-0.490542	0.0921321
-0.361673	0.100134
-0.418493	0.198644
-0.479108	0.142698
-0.562425	0.130902
-0.523917	0.0623825
-0.486894	0.0512558
-0.0497958	0.167496
0.132668	0.494363
-0.150957	0.12745
-0.431108	-0.0915831
-0.556486	-0.125888
-0.657486	0.0624814
-0.745482	0.000288122
-0.735595	-0.187312
-0.61273	-0.39984
-0.603388	-0.453597
-0.818471	-0.282568
-0.735188	-0.00803921
-0.875552	0.116026
-0.267733	0.0333174
-0.56927	0.00552797
-0.702558	-0.0374841
-0.786905	-0.228632
-0.877106	-0.207117
-0.592396	-0.256496
-0.376287	0.120321
-0.389894	0.461021
-0.1229	0.400028
0.116843	0.00903951
0.00591357	0.178139
-0.230793	0.155271
-0.507152	-0.0784709
-0.665843	-0.101158
-0.800985	-0.0845442
-0.752473	-0.0158047
-0.313219	0.121264
-0.310791	0.67416
-0.793326	0.306088
-1.17661	0.115351
-0.44034	0.196844
-0.581749	0.144282
-0.406084	0.274031
-0.110921	0.399715
0.124364	0.534642
0.29896	0.385501
0.247872	0.349738
0.139295	0.445347
0.163078	0.331844
0.167128	0.177193
0.074	0.272512
-0.0399402	0.193944
-0.0696569	0.150426
-0.140877	0.194446
-0.0807484	0.199348
-0.157899	0.217028
-0.357825	0.301407
-0.456157	0.240804
-0.721066	0.263969
-0.689573	0.0201837
-0.50653	-0.0575254
-0.848682	0.394015
-0.786661	0.597251
-0.795095	0.775195
-0.871169	0.848849
-0.606091	0.829549
-0.663703	0.719703
-0.509474	0.624895
-0.348338	0.229757
-0.377276	0.244239
-0.409313	0.198307
-0.412993	0.0224893
-0.264117	-0.131979
-0.255517	0.0254789
-0.219846	0.0203661
-0.180868	-0.0989054
-0.166908	-0.157475
-0.0383163	-0.0594285
-0.0509818	-0.00380138
0.0742278	-0.0584384
0.12289	-0.292767
0.0114832	-0.0562453
-0.338883	-0.171824
-0.543555	-0.111305
-0.65611	0.0266065
-0.780143	-0.0615721
-0.885862	-0.0643238
-0.581783	-0.187048
-0.593132	-0.364461
-0.745165	-0.117948
-0.54786	-0.317395
-0.615726	-0.131154
-0.609381	-0.408761
-0.670944	-0.399093
-0.836334	-0.306689
-0.892499	-0.15936
-0.924587	-0.260729
-0.867887	-0.304913
-0.840852	-0.205157
-0.908821	-0.240622
-0.761176	-0.278431
-0.784357	-0.136146
-0.603707	-0.0745903
-1.05327	-0.15732
-1.20356	0.0396792
-0.834071	-0.00666589
-0.673508	0.193363
-0.836737	0.240157
-0.837866	0.117336
-1.1684	0.124434
-0.946939	0.305976
-0.541583	0.806161
-0.620092	0.964747
-0.447495	0.958387
-0.558818	0.936428
-0.232927	0.635912
-0.255986	0.548563
-0.270011	0.709407
-0.260983	0.59926
-0.285266	0.566172
-0.271912	0.660426
-0.280495	0.723162
0.0498394	0.285089
0.294155	0.238295
0.208999	0.346624
0.206025	0.258559
-0.0820313	0.395041
0.168324	0.185513
-0.22142	0.188531
-0.488207	0.116995
-0.553583	0.1328
-0.613146	0.127489
-0.627169	0.122343
-0.730411	0.19249
-0.647209	0.231739
-0.69539	0.199657
-0.844317	0.324256
-0.981671	0.457085
-0.927515	0.680011
-0.876009	0.80734
-0.700304	0.94053
-0.542184	1.16527
-0.421401	1.16075
-0.0989218	1.01265
0.121975	0.950531
0.15158	0.979744
-0.0375077	0.651117
-0.0767406	0.5173
-0.188386	0.642239
-0.254928	0.601879
-0.0260229	0.557906
-0.162044	0.425488
-0.442567	0.342989
-0.331975	-0.0912583
0.0815433	-0.0179159
-0.0720418	0.176042
-0.157349	0.322
-0.486243	0.27794
-0.520706	0.108996
-0.632592	-0.00820124
-0.663714	-0.0330881
-0.694435	-0.0349595
-0.665212	-0.0271591
-0.591167	0.0183938
-0.387911	0.0037775
-0.238993	0.0604969
-0.524803	0.370029
-0.617468	0.536336
-0.537996	0.526928
-0.603044	0.474581
-0.595334	0.618244
-0.482727	0.594778
-0.490953	0.578795
-0.405599	0.573618
-0.00544837	0.402106
-0.0487374	0.230034
-0.102477	-0.173328
0.00882735	0.0831912
-0.0899652	0.179907
-0.264868	0.334705
-0.268667	-0.0197566
-0.0823819	0.291952
0.0227763	0.23345
-0.286943	0.102162
-0.365241	0.0414517
-0.382432	-0.0215026
-0.408692	-0.0238749
-0.337391	0.00769133
-0.345922	0.0764332
-0.467252	0.0397505
-0.509704	0.128328
-0.530912	0.1182
-0.278126	0.0177433
-0.414254	0.195641
-0.455697	0.108684
-0.578086	0.0387744
-0.876739	0.0460347
-0.904496	0.0219623
-0.998186	0.0646011
-0.913714	0.174238
-0.744404	0.289556
-0.480885	0.29835
-0.117101	0.319543
-0.179055	0.289646
-0.315077	0.293574
-0.298092	0.16576
-0.34504	0.094033
-0.387875	-0.0364973
-0.248762	-0.0127362
-0.217304	0.247881
-0.0967243	0.300784
-0.172632	0.40611
-0.358323	0.500446
-0.231498	0.345863
-0.333668	0.210326
-0.384578	0.0560853
-0.401982	0.0277196
-0.401853	-0.079627
-0.395964	-0.176875
-0.523505	-0.145699
-0.639636	-0.058819
-0.549341	-0.0715837
-0.601844	0.511736
-0.620694	0.629424
-0.53155	0.648067
-0.487705	0.619259
-0.381114	0.619615
-0.399793	0.635798
-0.369773	0.671511
-0.620723	0.600907
-0.532825	0.578526
-0.43228	0.492207
-0.376824	0.400346
0.221625	0.206881
0.598549	0.0232359
0.864026	0.125504
0.717488	0.160089
0.623734	0.0608881
0.394335	-0.12911
0.358251	-0.113026
0.266142	-0.383048
-0.0901442	-0.409333
-0.227652	-0.334248
-0.392114	-0.336294
-0.552138	-0.244508
-0.591499	-0.227911
-0.652348	-0.0510212
-0.577451	0.226075
-0.264347	0.163353
0.0356754	0.0268276
0.175662	0.125677
0.0992944	0.0489864
-0.127998	0.291942
0.0779066	0.394285
-0.0093148	0.318295
-0.0753879	0.402049
0.0569033	0.205719
-0.658601	-0.350537
-0.900806	-0.247972
-0.581049	0.0866704
-0.128261	0.0341587
-0.11414	-0.0298425
-0.17454	0.122392
-0.0331833	0.226161
-0.0412987	0.241687
0.166463	0.288892
0.446807	0.261832
0.228253	-0.238705
-0.108866	-0.22686
-0.105343	-0.31417
-0.326875	-0.22274
-0.388636	-0.205015
-0.443652	-0.184017
-0.540282	-0.1775
-0.554928	-0.207522
-0.620073	-0.0136454
-0.651061	0.121166
-0.576808	0.167552
-0.477175	0.299341
-0.362691	0.562618
-0.0109256	0.100968
-0.154627	-0.228457
-0.100241	-0.0676913
0.0224765	0.172345
0.135317	0.17992
0.334876	0.069701
0.19282	0.151256
0.248201	0.258502
-0.0338866	0.351858
-0.0149958	0.011454
-0.174689	-0.0375157
-0.100976	0.237019
-0.155983	0.0372946
-0.227815	0.00892421
0.032263	0.344512
0.210682	0.305423
-0.0615589	0.450442
0.0920899	0.317322
0.0344234	0.273175
0.032272	0.285845
0.0620408	0.18638
-0.143816	0.248715
-0.263466	0.327214
-0.46602	0.703204
-0.335879	0.551119
-0.450262	0.681788
-0.525823	0.632111
-0.474667	0.559776
-0.506272	0.512071
-0.458377	0.461881
-0.401496	0.3693
-0.380585	0.326379
-0.200985	0.326851
-0.609788	0.109605
-0.931237	0.199207
-0.707985	0.428022
-0.561118	0.485503
-0.454281	0.529048
-0.184713	0.397072
-0.16441	0.203213
-0.262123	-0.000898044
-0.276886	-0.0559095
-0.345418	0.0637835
-0.220534	0.0225485
-0.175688	-0.00888348
-0.13096	0.050218
-0.0670239	0.0990282
0.0192413	0.102692
0.064564	0.237402
0.228015	0.261262
0.2019	0.135364
0.0305413	0.381294
-0.176201	0.300319
-0.311049	0.308533
-0.268775	0.225748
-0.320138	0.36229
-0.274348	0.515862
-0.0391549	0.0753408
0.0164473	0.0775979
-0.256074	0.0246636
-0.436087	-0.065875
-0.623747	0.028801
-0.76313	0.0753872
-1.02662	0.238082
-0.805293	0.154107
-0.614135	0.0129727
-0.722614	-0.0793132
-0.876349	-0.147725
-0.846689	-0.182351
-1.01774	-0.0788155
-1.15599	0.0135565
-1.1424	-0.0463763
-1.02715	-0.0300336
-0.712088	-0.220574
-0.224367	0.0984652
-0.139735	0.260357
-0.14543	0.397789
0.0570055	0.302569
0.163338	0.262308
-0.132784	0.151676
0.0309886	0.209954
0.109834	0.176617
0.0883362	0.248604
0.0580337	0.175666
-0.711089	0.145291
-0.538336	0.0706589
-0.723103	0.0690603
-0.758768	0.188874
-0.79712	0.353407
-0.743338	0.483249
-0.616414	0.481723
-0.529268	0.600253
-0.461986	0.689015
-0.355432	0.63577
-0.346558	0.628566
-0.417952	0.612166
-0.278569	0.4964
-0.187454	0.50863
-0.0757165	0.562557
-0.0716281	0.445228
0.000966749	0.535947
-0.145196	0.514111
-0.0365884	0.367501
-0.14599	0.271413
-0.435181	0.218836
-0.756804	-0.0236512
-0.619522	-0.122898
-0.339925	-0.136667
-0.628551	0.106647
-0.595724	-0.0349796
-0.416632	-0.0758635
-0.268457	-0.0617682
-0.526126	0.175813
-0.540632	0.203896
-0.411803	0.160226
-0.276847	0.0658733
-0.0241529	0.0490124
-0.540611	0.464908
-0.327679	0.390781
-0.458637	0.370697
-0.364733	0.430467
-0.508043	0.486907
-0.427183	0.318391
-0.442837	0.345304
-0.272626	0.304599
-0.240184	0.435483
-0.234951	0.263299
-0.221186	0.254097
-0.269602	0.39104
-0.066709	0.261273
0.0752394	0.195805
0.321661	0.0547935
-0.63852	-0.206287
-0.70797	-0.367011
-0.842193	-0.100445
-0.693754	-0.344375
-0.921611	-0.248818
-0.997917	-0.206772
-0.79118	-0.204812
-0.659432	-0.165838
-0.374567	0.307567
-0.0923157	0.732344
0.0305484	0.817906
-0.0525797	0.927288
-0.140484	0.874011
-0.113036	0.780189
-0.220289	0.691979
-0.342706	0.577022
-0.380013	0.55934
-0.438566	0.554704
-0.448917	0.57524
-0.456611	0.583853
-0.393892	0.59973
-0.14617	0.648725
0.0251704	0.636908
-0.0315866	0.594217
0.123323	0.472934
0.133718	0.204903
-0.0451973	0.223404
-0.136333	0.300689
0.0173856	0.61013
-0.224442	0.64403
-0.37294	0.722139
-0.534139	0.763268
-0.603547	0.80766
-0.606969	0.713604
-0.670032	0.662806
-0.645932	0.611689
-0.481098	0.462131
-0.356381	0.489286
-0.595448	0.628789
-0.609679	0.591355
-0.599596	0.536051
-0.590679	0.391596
-0.652597	0.55106
-0.600529	0.474824
-0.502492	0.468495
-0.302457	0.41934
-0.182997	0.520642
-1.14134	-0.309239
-0.912919	-0.340728
-0.675126	-0.403392
-0.689537	-0.463496
-0.654529	-0.427706
-0.507555	-0.403674
-0.294789	-0.322219
-0.154983	0.0185854
-0.119054	0.298407
-0.123652	0.346981
-0.31312	0.461378
-0.584004	0.425759
-0.631241	0.391119
-0.461479	0.453516
-0.636918	0.130231
-0.841437	0.0522495
-0.830054	0.109054
-0.871516	0.0594339
-1.08921	-0.148397
-1.13899	-0.0787487
-1.15939	0.150744
-1.31064	-0.0620342
-0.780023	0.263614
-0.90448	0.69529
-0.763955	0.780895
-0.70474	0.826427
-0.600339	0.851729
-0.395448	0.525691
-0.135819	0.17792
-0.345161	0.00991247
-0.296606	-0.153198
-0.318871	-0.209667
-0.280281	-0.270098
-0.309767	-0.179712
-0.179754	-0.232283
-0.149878	-0.123927
0.0480911	-0.170238
0.183127	-0.203472
0.266373	-0.232192
0.239895	-0.115035
0.0574761	0.074214
-0.0491358	0.1858
-0.202967	0.260341
-0.354241	0.277708
-0.387643	0.385858
-0.325534	0.334417
-0.310348	0.374068
-0.184408	0.250124
-0.148924	0.286902
-0.0378157	0.149709
-0.188608	0.30891
-0.268459	0.418879
-0.114041	0.395676
-0.0563262	0.298311
-0.213101	0.244626
-0.275939	0.301847
-0.205435	0.213939
-0.164221	0.0844966
-0.175669	0.0973463
-0.404513	0.276114
-0.54691	0.28025
-0.531315	0.211906
-0.530416	0.297035
-0.448097	0.241572
-0.383586	0.190326
-0.438698	0.220173
-0.414719	0.245853
-0.169365	0.298871
0.011736	0.183711
-0.200463	-0.0593305
-0.318014	-0.0822388
-0.309406	-0.130638
-0.464558	-0.200137
-0.635482	0.0273259
-0.329715	0.00186079
-0.558509	-0.0790991
-0.637156	-0.203863
-0.576062	-0.0146071
-0.669814	-0.280722
-0.465037	-0.014501
-0.148568	0.25302
-0.456197	0.0909897
-0.335913	0.0555741
-0.261258	0.00676746
-0.200705	0.053566
-0.13278	0.234575
-0.059739	0.346496
0.080013	0.184324
0.10636	0.280076
0.150975	0.232935
-0.11243	0.720296
-0.362895	0.65687
-0.607475	0.0419339
-0.676139	-0.0551867
-0.498304	-0.13936
-0.173948	-0.160025
-0.172672	-0.228435
-0.163263	-0.0849083
-0.284111	-0.385324
-0.476079	-0.29888
-0.371985	-0.0563188
-0.236571	0.026617
-0.245312	0.0650236
-0.429148	0.0343044
-0.435354	-0.00305233
-0.392544	0.025629
-0.354785	0.0323272
-0.0712855	0.00488925
0.109469	0.34841
0.177236	0.232657
0.277342	0.393949
0.39936	0.504398
0.34878	0.501755
0.471197	0.455713
0.506411	0.326093
0.430928	0.375433
0.383705	0.337993
0.336633	0.351909
0.340094	0.362885
0.324611	0.313371
0.122213	0.260039
0.118542	0.301936
0.135101	0.245427
0.148739	0.182571
0.206249	0.110142
-0.0296318	-0.0017052
-0.0361261	-0.0123835
-0.057745	0.0939789
-0.199059	0.199377
-0.286426	0.217719
-0.209231	0.348043
-0.274388	0.510504
-0.410486	0.848713
-0.477036	0.690324
-0.670439	0.93175
-0.74008	0.915596
-0.842096	0.924834
-0.628489	0.924288
-0.647708	0.961556
-0.697136	0.887
-0.609747	0.694363
-0.718153	0.402246
-0.772379	0.333331
-0.975644	-0.162338
-0.677492	-0.183534
-0.803672	-0.254185
-0.907393	-0.496355
-0.902787	-0.421811
-1.01552	-0.165954
-1.00254	-0.283127
-0.823638	-0.294835
-0.91574	-0.307604
-1.08805	-0.185435
-1.23263	-0.180235
-1.03527	-0.133714
-0.937685	-0.393854
-0.855986	-0.474862
-0.762817	-0.228732
-0.837458	-0.359181
-0.967225	-0.318219
-0.638349	-0.0542167
-0.866642	-0.277219
-0.473247	-0.100836
-0.724744	-0.103018
-0.996361	-0.175531
-0.923905	-0.251902
-0.89469	-0.292534
-0.875034	-0.259876
-0.73814	-0.199583
-0.223797	0.166952
0.296075	0.017037
0.311193	-0.0618311
0.281397	0.0636415
0.150505	-0.0063991
-0.0870295	0.203722
-0.201511	0.0161653
-0.354937	-0.122343
-0.462563	-0.15446
-0.413972	-0.154816
-0.327953	0.00384827
-0.0959243	0.0924781
-0.0830557	0.0938698
-0.0795522	0.0363198
-0.105104	-0.158417
-0.26235	-0.266365
-0.323324	-0.191753
-0.296255	0.0333426
-0.451696	0.212381
-0.206625	-0.0123761
-0.52437	5.50478e-05
-0.563017	-0.253551
-0.475195	-0.106181
-0.618289	-0.212272
-0.694575	-0.228359
-0.198477	0.0188326
-0.455788	-0.00392675
-0.531528	-0.0231884
-0.583441	-0.0297549
-0.626397	0.0291044
-0.619911	-0.00214228
-0.507371	0.00896398
-0.434975	0.227989
-0.253304	0.382841
-0.0998827	0.590814
-0.096304	0.542433
-0.348449	0.533439
-0.352116	0.587082
-0.246857	0.54174
-0.41168	0.686921
-0.412991	0.586614
-0.301735	0.572628
-0.270503	0.645969
-0.371705	0.215239
-0.409909	0.0666261
-0.48704	-0.0062407
-0.547562	-0.0457031
-0.493525	-0.0632896
-0.562514	0.0461033
-0.346099	0.151035
-0.0929374	0.318008
-0.136194	0.165294
-0.202973	0.161388
-0.398784	-0.107942
-0.531487	-0.0976052
-0.777926	-0.0770234
-1.03909	0.13462
-1.09067	0.190369
-0.944117	0.441667
-0.94613	0.688359
-0.772291	0.987456
-0.572917	1.02801
-0.558053	1.02588
-0.633777	1.01127
-0.0951675	0.465963
-0.319402	0.38106
-0.456055	0.33412
-0.543609	0.184493
-0.614823	-0.0215861
-0.682613	-0.123212
-0.684918	-0.232633
-0.676877	-0.277352
-0.703333	-0.225659
-0.631655	-0.212444
-0.613663	-0.163283
-0.610933	-0.00825938
-0.569625	0.219897
-0.564177	0.44891
-0.327009	0.554525
-0.16992	0.540182
-0.334432	0.753312
-0.0344009	0.5225
-0.213921	0.607973
-0.200332	0.570691
-0.199173	0.53638
-0.18401	0.571077
-0.326447	0.592935
-0.485373	0.538198
-0.521114	0.319008
-0.641459	0.260794
-0.716119	0.238083
-0.580043	0.198756
-0.554849	0.176865
-0.510847	0.115033
-0.298638	0.0477379
-0.125747	0.430744
-0.148723	0.290732
-0.253256	0.128831
-0.141657	-0.0238314
-0.23459	-0.280568
-0.511636	-0.126053
-0.469749	-0.301921
-0.445445	-0.387837
-0.553228	-0.0325999
-0.761161	-0.0586014
-0.579934	-0.14774
-0.585285	0.00850622
-0.409762	-0.0625415
-0.466742	-0.166846
-0.0431329	0.122424
-0.0516486	0.451797
-0.127324	0.413909
-0.0800644	0.429804
0.152968	0.413692
0.24837	0.358879
0.31636	0.444131
0.0170165	0.571256
0.173502	0.34147
0.0594233	0.158874
-0.288035	0.178671
-0.202012	-0.125128
-0.33721	-0.12944
0.0603875	0.206394
-0.0714419	0.137407
-0.220579	0.134801
-0.109367	0.0741455
-0.294589	0.371274
-0.418304	0.419078
-0.469423	0.322334
-0.517697	0.171871
-0.699356	0.170166
-0.531887	0.150326
-0.500107	0.239815
-0.476805	0.410631
-0.450309	0.207982
-0.485905	0.256664
-0.474661	0.149049
-0.683389	0.341004
-0.80437	0.376752
-0.805253	0.44311
-0.723622	0.409239
-0.643268	0.457998
-0.599363	0.519301
-0.638969	0.632448
-0.428103	0.39376
-0.465358	0.464557
-0.550945	0.292965
-0.676946	0.21924
-0.406881	0.0659327
-0.328762	0.143648
-0.19905	0.156395
-0.0333189	0.212625
-0.0651619	0.12881
0.154645	0.242874
0.117804	0.250442
0.263625	0.216122
0.154688	0.283882
0.20063	0.0499857
-0.02691	-0.173145
-0.373714	-0.171739
-0.550447	-0.317248
-0.561008	-0.251871
-0.557626	-0.159672
-0.554407	-0.0682296
-0.504157	-0.0925398
-0.629257	0.018597
-0.581195	0.0512144
-0.639162	0.155383
-0.759962	0.254208
-0.846413	0.290427
-0.763591	0.349341
-0.794312	0.256138
-0.837211	0.186537
-0.878204	0.303672
-0.874897	0.183559
-0.266613	0.045807
-0.284905	0.259632
-0.200153	0.272399
-0.634796	-0.183393
-0.690163	-0.0655906
-0.881224	-0.148457
-0.786623	-0.0133212
-0.697238	-0.0846689
-0.800439	-0.21407
-0.810402	-0.367673
-0.764054	-0.243138
-0.885919	-0.0941504
-0.946854	-0.177764
-0.88165	-0.370272
-0.378613	-0.140863
-0.742353	-0.35261
-0.815694	-0.278496
-0.894479	-0.377733
-1.00325	-0.257922
-0.837609	-0.320079
-0.912978	-0.289416
-0.875872	-0.174353
-0.597049	-0.14586
-0.510526	-0.109699
-0.223413	0.0548474
-0.434331	-0.0132579
-0.528696	-0.00222214
-0.533821	-0.006132
-0.47489	-0.00409332
-0.478262	0.0165033
-0.380273	0.127668
-0.437209	0.478231
-0.503378	0.351503
-0.556167	0.400028
-0.524837	0.202903
-0.528878	0.0429426
-0.614277	0.0581362
-0.67288	0.0682368
-0.684066	0.0304726
-0.681807	0.074495
-0.717852	0.142857
-0.658819	0.176051
-0.630728	0.23162
-0.591926	0.209494
-0.628541	0.341905
-0.710735	0.461522
-0.759065	0.740775
-0.603208	0.811162
-0.486889	1.03422
-0.350565	0.931984
-0.349877	0.996658
-0.32658	0.882994
-0.359926	0.797286
-0.476819	0.703006
-0.5749	0.577004
-0.700241	0.370812
-0.811879	0.209544
-0.870679	0.0630246
-0.857807	-0.0343672
-0.918955	-0.0154177
-0.867016	0.040162
-0.579791	-0.188039
-0.252678	-0.353172
0.133464	-0.435345
-0.275809	0.008398
-0.725001	0.0401312
-0.816091	-0.0543041
-0.757072	-0.144779
-0.907595	-0.0138572
-0.911177	-0.179955
-1.20638	-0.0484964
-0.928381	-0.344931
-0.680724	-0.535088
-0.781771	-0.193188
-0.593159	-0.149939
-0.87381	-0.208585
-0.3724	-0.719024
-0.1812	-0.59044
0.192048	-0.117061
-0.105075	0.0448864
0.0382763	-0.00657733
-0.0129762	0.0716616
-0.366879	0.117918
-0.501255	0.274071
-0.406075	0.192862
-0.545408	0.347285
-0.545085	0.504263
-0.417699	0.525211
-0.0959628	0.597893
-0.559537	0.357767
-0.814947	0.354409
-0.552023	0.172204
-0.233289	0.0420002
-0.296565	-0.0414191
-0.239888	-0.0986225
-0.274344	-0.186547
-0.370654	0.0455837
-0.628042	-0.0177887
-0.598534	-0.0903264
-0.471407	0.366367
-0.516872	0.746307
-0.640702	0.873477
-0.626112	0.969577
-0.582151	0.929841
-0.570185	0.988485
-0.583862	0.997999
-0.53067	1.08613
-0.490692	1.04073
-0.418139	0.933784
-0.472977	1.04778
-0.534116	1.07044
-0.582008	0.964276
-0.728142	0.673672
-0.634441	0.336854
-0.24231	0.235038
0.0169024	0.521212
-0.00844746	0.502611
-0.116145	0.475642
-0.339193	0.333831
-0.542376	0.346992
-0.48223	0.195981
-0.352869	0.00949784
-0.117615	0.120831
0.356264	0.317693
0.196894	0.448986
0.000533511	0.449507
-0.211301	0.441216
-0.312534	0.486001
-0.775341	0.259806
-1.05753	0.252208
-0.860045	0.054898
-0.658073	0.0866735
-0.550318	0.00408395
-0.346708	-0.1155
-0.359404	-0.0597597
-0.359246	-0.204295
-0.332376	-0.283906
-0.665044	0.132164
-0.452316	0.674067
-0.447019	0.766617
-0.55658	0.835301
-0.673527	0.80963
-0.562171	0.67076
-0.516131	0.492837
-0.234335	0.265161
-0.00826898	0.500737
-0.420952	0.464256
-0.461406	0.249839
-0.604278	0.0830569
-0.66746	0.0525499
-0.653331	0.039223
-1.06108	0.0527937
-1.24565	-0.0736101
-0.545645	0.282278
-0.456036	0.323728
-0.507724	0.529025
-0.375628	0.539947
-0.199304	0.696379
-0.306967	0.864157
-0.202687	0.583206
-0.0786494	0.254706
-0.0326169	0.0908612
-0.261799	0.0713722
-0.322115	0.178892
-0.160349	0.054856
-0.216047	0.119986
-0.0267347	0.137417
-0.147328	0.297811
-0.221822	0.302483
-0.768469	-0.288282
-0.758363	-0.336392
-0.864261	-0.367307
-0.81462	-0.331361
-0.809901	-0.366645
-0.932502	-0.452779
-0.85278	-0.575735
-0.485562	-0.436688
0.198281	0.0206963
0.4087	0.276941
0.494152	0.236537
0.488533	0.216709
0.395468	0.373239
0.108118	0.385863
0.152161	0.375479
-0.14551	0.490241
-0.495059	0.560725
-0.525	0.510513
-0.502318	0.474034
-0.54709	0.445026
-0.462539	0.489785
-0.378331	0.490732
-0.298751	0.35661
-0.151993	0.455709
-0.115521	0.506264
-0.165299	0.271993
-0.282025	0.185214
-0.350833	0.00134791
-0.398685	-0.132838
-0.344531	0.0211394
-0.478838	-0.0224549
-0.211264	0.0363592
-0.286666	0.0357563
-0.439074	-0.0600381
-0.534123	-0.154811
-0.509904	-0.180246
-0.508759	-0.240816
-0.598825	-0.192125
-0.618378	-0.206412
-0.687698	-0.0919498
-0.797751	0.175554
-0.771121	0.219844
-0.853498	0.32666
-0.97691	0.185364
-0.994461	0.238286
-0.972665	0.0836199
-0.729344	-0.0352158
-0.392635	0.120405
-0.608562	0.0623924
-0.733997	0.205737
-0.417847	0.369638
-0.546103	0.252912
-0.667081	0.398549
-0.607042	0.257628
-0.614352	0.308032
-0.593182	0.371476
-0.536883	0.244458
-0.517643	0.118393
-0.500765	0.156352
-0.267168	0.0240781
-0.524896	0.120917
-0.723981	0.0872843
-0.736474	-0.0260052
-0.726706	0.0414343
-0.768158	0.199846
-0.829128	0.33566
-0.854061	0.441835
-0.69512	0.363677
-0.624466	0.559027
-0.426751	0.613789
-0.40299	0.786513
-0.313307	0.963214
-0.327891	0.912246
-0.306411	1.06871
-0.314341	1.02416
-0.404604	1.18798
-0.474625	1.06047
-0.525051	0.9521
-0.551393	0.781135
-0.674984	0.607204
-0.747119	0.358673
-0.680073	-0.0214675
-0.778551	-0.197166
-0.56496	-0.189028
-0.471243	-0.126371
-0.505276	0.294107
-0.589405	0.471251
-0.601121	0.471161
-0.591386	0.422062
-0.621523	0.283649
-0.346279	0.348308
-0.58885	0.224041
-0.472734	0.236511
-0.616082	-0.0617817
-0.778729	-0.0479137
-0.909933	-0.0808047
-0.818522	-0.0694324
-0.790599	-0.164921
-0.730739	0.109671
-0.755768	0.0271124
-0.472218	-0.00764166
0.0709301	0.331221
0.0444316	0.416671
-0.234828	0.431093
-0.482517	0.297753
-0.641091	0.066031
-0.598672	0.169458
-0.464473	0.333776
-0.566391	0.4031
-0.618049	0.586425
-0.520542	0.579963
-0.384681	0.542193
-0.298951	0.425211
-1.17025	0.599186
-0.946535	0.345462
-0.0832838	0.418486
-0.080476	0.173218
0.307194	0.100368
0.246837	0.0887356
0.152115	0.197805
-0.0535535	0.191164
-0.122928	0.163256
-0.186272	0.213459
-0.188149	0.182664
-0.109934	0.177136
-0.0631478	0.151843
-0.142777	0.390715
-0.48641	0.522123
-0.478947	0.4208
-0.685539	0.356944
-0.633327	0.0349153
-0.496612	0.024164
-0.513322	0.346204
-0.397486	0.264444
-0.290195	0.195336
-0.359088	0.233272
-0.16062	0.0568565
-0.171779	0.214049
0.0717879	0.117359
0.0317248	-0.134461
-0.0153125	-0.201307
-0.101816	-0.304637
-0.255841	-0.209442
-0.17875	-0.309559
-0.305897	-0.235471
-0.271512	-0.334065
-0.366435	-0.297263
-0.278802	-0.304338
-0.199457	-0.492083
-0.559685	-0.169131
-0.695671	0.352996
-0.561154	0.16585
-0.770681	0.239297
-0.662646	0.367108
-0.682515	0.36609
-0.692171	0.109025
-1.18051	0.17478
-1.02859	0.298517
-0.993077	0.301166
-1.02118	0.22051
-0.880679	-0.00335657
-0.865968	-0.299593
-0.66126	-0.570071
-0.693561	-0.339287
-0.834653	-0.244324
-0.856786	-0.380586
-0.974676	-0.157244
-0.690764	-0.344087
-0.769915	-0.265064
-0.735005	-0.25215
-0.364981	0.206072
0.170738	0.783784
0.0295663	0.993873
-0.0601778	1.24644
-0.241205	1.17959
-0.285119	1.12196
-0.373695	1.04443
-0.414264	0.841275
-0.470853	0.69436
-0.512557	0.505188
-0.572263	0.441731
-0.573729	0.370493
-0.555792	0.39102
-0.448771	0.511154
-0.453224	0.73665
-0.267023	0.710791
0.112828	0.745997
0.0798376	0.732073
0.114803	0.598638
0.202898	0.495967
0.0670283	0.445754
0.0300832	0.397641
0.0831168	0.397728
-0.405545	0.831056
-0.419807	0.776709
-0.453499	0.69657
-0.569762	0.699735
-0.591259	0.698858
-0.688224	0.753197
-0.664381	0.728982
-0.622367	0.703851
-0.478915	0.511605
-0.676258	0.519825
-0.849153	0.610727
-0.867875	0.550205
-0.858085	0.567295
-0.724795	0.505189
-0.711781	0.352065
-0.596605	0.339787
-0.338793	0.323634
-0.186226	0.424958
0.0667319	0.482933
-0.331721	0.429756
-0.950804	-0.422431
-1.0661	-0.5653
-0.502452	-0.312235
-0.626491	-0.37147
-0.507511	-0.537476
-0.403918	-0.551659
-0.174735	-0.583817
-0.0806804	-0.574438
0.142909	-0.420156
0.311585	-0.373049
0.467842	-0.337326
0.510188	-0.145736
0.399236	0.0360009
0.402451	0.137891
0.189259	0.284558
-0.30133	0.187131
-0.669794	-0.0146671
-0.892128	-0.112757
-0.75969	-0.305672
-0.792517	-0.0708172
-0.923377	-0.130351
-0.894946	-0.289948
-0.816655	-0.145585
-0.791924	-0.23381
-0.39057	0.0507645
-0.173562	0.0645319
-0.228914	-0.136813
-0.227024	-0.160364
-0.303403	-0.146658
-0.263266	-0.199794
-0.309114	-0.147686
-0.288497	-0.109767
-0.304284	-0.0323208
-0.20993	0.0216599
0.0299993	-0.0294316
0.00771216	0.0815627
-0.233893	0.254235
-0.380913	0.118689
-0.407195	0.153247
-0.414795	0.0876663
-0.596876	0.215406
-0.362176	0.19362
-0.000352961	0.25426
-0.0614218	0.240683
-0.142943	0.244771
-0.115165	0.256116
-0.202568	0.424986
-0.444971	0.548577
-0.438762	0.467993
-0.539737	0.451836
-0.482957	0.381439
-0.471058	0.16096
-0.48547	0.147326
-0.336253	0.300319
0.134746	0.693362
0.210222	0.523465
0.281844	0.624582
0.191031	0.642886
0.24778	0.647659
0.289651	0.6596
0.0368249	0.631168
-0.041234	0.4878
-0.0783974	0.378184
0.0224288	0.117992
0.285642	0.0673325
0.224792	0.20136
0.114828	0.229267
-0.0603608	0.122559
0.174798	0.0803674
0.0204599	0.045132
-0.242222	-0.0127358
-0.19765	-0.157757
-0.325024	-0.0966679
-0.252998	-0.0901276
-0.201652	-0.0229857
-0.4265	0.157082
-0.279475	0.11365
-0.359765	0.20379
-0.272172	0.112017
-0.255784	0.107038
-0.35828	0.0949392
-0.300143	0.201409
-0.378543	0.270078
-0.218043	0.0936684
-0.15495	0.139237
-0.499612	-0.251586
-0.563236	-0.011469
-0.495428	0.147679
-0.38522	0.145358
-0.381075	0.149427
-0.304461	-0.0927642
-0.326622	-0.239323
-0.27112	-0.377141
-0.2598	-0.325592
-0.288393	-0.290436
-0.223686	-0.371255
-0.208748	-0.336208
-0.243057	-0.212139
-0.243733	-0.28196
-0.265155	-0.229582
-0.166384	-0.125255
0.0402393	-0.0340943
-0.0635488	0.0577867
-0.104899	0.220924
-0.0471347	0.116891
-0.158193	0.0467971
-0.179415	0.062658
-0.124475	0.204659
-0.351864	0.211447
-0.35282	0.123813
-0.3075	0.30774
-0.0960707	0.149817
-0.29764	0.121246
-0.108348	0.172106
-0.207656	0.080382
-0.451131	0.0923424
-0.467154	0.0153825
-0.542896	-0.170486
-0.739792	0.0746108
-0.553716	0.0606178
-0.766375	0.000168144
-0.70636	-0.120893
-0.654993	-0.073492
-1.01938	-0.184338
-0.971862	-0.117801
-1.02035	-0.0735195
-1.06415	-0.232049
-0.97184	-0.214265
-0.838686	-0.318619
-0.932933	-0.290209
-0.778647	-0.324608
-0.988928	-0.27386
-0.846453	-0.486915
-0.830991	-0.103175
-0.00858822	0.231741
0.255565	0.493072
0.484596	0.34385
0.178188	0.396044
0.234766	0.290955
0.0176788	0.488022
-0.18089	0.378634
-0.476896	0.18066
-0.619643	0.173929
-0.912778	0.238517
-0.941019	0.287907
-0.968951	0.207164
-0.605291	0.0295898
-0.565015	-0.188848
-0.525945	-0.255235
-0.576415	-0.214437
-0.604857	-0.127876
-0.475561	-0.155458
-0.441729	-0.134318
-0.448882	-0.0802351
-0.360103	-0.00997053
-0.193171	-0.010721
0.139401	0.185261
-0.250519	0.395724
-0.241454	0.420746
-0.184983	0.303905
-0.334208	0.234218
-0.215739	0.316431
-0.2424	0.272776
-0.225107	0.449643
-0.374258	0.377595
-0.363544	0.340132
-0.506689	0.427847
-0.546211	0.480327
-0.494269	0.491085
-0.512812	0.55919
-0.311601	0.392621
-0.281659	0.270832
-0.362627	0.284377
-0.301216	0.221397
-0.323418	0.288076
-0.205778	0.193655
-0.230846	0.249489
-0.219975	0.23673
-0.162759	0.240137
-0.118604	0.219456
-0.130424	0.233249
-0.194124	0.194008
-0.288697	0.150484
-0.376997	0.134634
-0.551867	0.14214
-0.572905	0.0772068
-0.656159	0.210824
-0.640903	0.243088
-0.739799	0.403106
-0.700507	0.450627
-0.78025	0.514735
-0.853614	0.408827
-0.813134	0.114821
-0.414196	-0.258366
-0.0762277	-0.205645
0.0631969	0.208665
0.264309	0.213485
0.226837	0.223815
0.361522	0.0816948
0.372882	0.160219
0.463189	-0.00738804
0.430609	-0.1372
0.299189	-0.169032
0.119466	-0.0288687
0.232952	-0.220512
0.157352	-0.186208
0.159926	-0.0501466
0.114186	0.131415
-0.154103	0.279753
-0.272945	-0.0960889
-0.326081	-0.00284057
-0.328749	0.129102
-0.0746724	0.130539
-0.0518519	0.224026
-0.0406794	0.333944
0.0827514	0.314171
0.18112	0.210392
0.100424	0.260326
0.008995	0.301135
-0.0719785	0.287234
-0.158442	0.230661
-0.292452	0.159719
-0.331801	0.0646926
-0.542651	0.110772
-0.64046	0.0994691
-0.749409	0.283204
-0.901443	0.446608
-0.592128	0.164215
-0.564499	0.364804
-0.614508	0.505207
-0.579673	0.552066
-0.509713	0.685961
-0.554339	0.827133
-0.467447	0.922435
-0.468302	0.757748
-0.351039	0.651115
-0.420534	0.736114
-0.30917	0.525123
-0.289914	0.465069
-0.451608	0.54735
-0.609557	0.463145
-0.587792	0.311587
-0.324709	0.235912
-0.329643	0.182524
-0.240633	0.0847157
-0.108252	0.0765286
0.0991862	0.0498081
-0.140743	0.0718445
-0.674419	0.351343
-0.706897	0.445317
-0.691704	0.466762
-0.470583	0.28713
-0.447731	0.232434
-0.508774	0.103257
-0.621006	-0.0101297
-0.786908	0.547216
-0.593516	1.08651
-0.580828	1.15335
-0.594397	1.108
-0.688144	0.972175
-0.733623	0.716583
-0.669734	0.417389
-0.585596	0.371409
-0.641254	0.344831
-0.669166	0.323186
-0.635664	0.272141
-0.561067	0.125761
-0.626123	0.0889682
-0.648824	0.0257398
-0.687658	0.0351086
-0.757071	0.0365649
-0.650812	0.0515154
-0.468636	0.0327852
-0.240923	0.149999
-0.246475	0.153266
-0.19042	0.180122
-0.160882	0.258778
-0.118629	0.239002
-0.379754	0.404543
-0.27737	0.145124
-0.201595	-0.103361
-0.125909	-0.0605779
-0.625343	0.193398
-0.944059	0.143114
-0.274463	0.152865
0.0759465	0.106444
0.124277	0.283571
0.138151	0.440838
0.0187905	0.406763
-0.104219	0.550196
-0.0573513	0.366011
-0.144169	0.316533
-0.432699	0.0364525
-0.167089	0.0423694
0.0443058	-0.0230682
0.00552083	0.0235961
-0.104475	0.0932456
0.149167	0.0299732
0.0314514	0.144354
-0.14991	0.139562
-0.263701	0.466532
0.0267878	0.641453
0.00732443	0.560517
-0.0079543	0.487421
-0.0561301	0.430297
-0.0791348	0.631274
-0.345236	0.588408
-0.376728	0.427
-0.433859	0.375345
-0.439939	0.300945
-0.569534	0.315002
-0.626804	0.309047
-0.499469	0.318876
-0.608906	0.46645
-0.600534	0.630609
-0.52996	0.790799
-0.543013	0.925818
-0.511866	0.956982
-0.468262	0.964909
-0.225012	0.781384
-0.200056	0.718324
-0.270938	0.334491
-0.310588	0.278939
-0.124264	0.437841
-0.175198	0.425836
-0.211484	0.586801
-0.0386214	0.830731
0.113074	0.452489
-0.0352559	0.373226
-0.0757204	0.290778
-0.11716	0.271133
-0.0639436	0.305603
-0.339236	0.0271471
-0.48966	-0.12361
-0.594078	-0.0959258
-0.635903	-0.154434
-0.672479	-0.103711
-0.45795	-0.320541
-0.325772	-0.225222
-0.297679	-0.123995
-0.285313	0.201764
-0.374513	0.0217257
-0.134175	-0.561993
-0.149615	-0.537652
0.479908	-0.0630259
0.344053	0.137438
0.353018	0.072544
0.360037	0.0875331
0.375685	0.137622
0.317834	0.0216834
0.348044	-0.0467788
0.218017	0.0206737
-0.257881	0.286868
-0.329006	0.459693
-0.403141	0.492457
-0.537947	0.494112
-0.38694	0.376912
-0.418016	0.282753
-0.331292	0.414236
-0.0997613	0.450498
-0.193734	0.137092
-0.663037	0.0477086
-0.791697	-0.870869
-0.895374	-0.553454
-0.570442	-0.0742923
-1.01301	0.233645
-0.812867	0.168194
-0.632557	0.114665
-0.459595	0.109302
-0.341645	0.210702
-0.161346	0.248453
-0.0669236	0.191246
-0.107805	0.313524
-0.10313	0.166288
-0.174917	0.148252
-0.239001	0.255319
-0.237365	0.108762
-0.135392	0.0183637
-0.280543	0.200365
-0.195432	0.211105
-0.019598	0.216464
-0.0350154	0.292453
-0.0444761	0.394336
-0.0791853	0.390965
-0.135861	0.467413
-0.138662	0.512268
-0.405607	0.626287
-0.511543	0.605204
-0.461141	0.569829
-0.276104	0.600871
-0.602118	0.410657
-0.644666	0.251971
-0.344197	-0.0278977
-0.377833	-0.207109
-0.287971	-0.142942
-0.419669	0.148872
-0.223773	0.145838
-0.249565	-0.00798233
-0.479674	-0.173595
-0.415902	-0.178527
-0.209892	-0.0820683
-0.425137	-0.246765
-0.214658	-0.252633
-0.497504	-0.183919
-0.586813	-0.250369
-0.664569	-0.353253
-0.696957	-0.21367
-0.632122	-0.240378
-0.649012	-0.377129
-0.747136	-0.186771
-0.705636	-0.263962
-0.662148	-0.464034
-0.772429	-0.277518
-0.764763	-0.209634
-0.62614	-0.293145
-0.678004	-0.313955
-0.785101	-0.241843
-0.879764	-0.242113
-0.868353	-0.335213
-0.702585	-0.295399
-0.647225	-0.328066
-0.700262	-0.347178
-0.710767	-0.213267
-0.852309	-0.192253
-0.774453	-0.278648
-0.65037	-0.137553
-0.827	-0.233748
-0.728663	-0.302527
-0.883076	-0.289714
-0.950011	-0.285367
-0.718253	-0.317418
-0.353556	0.387115
-0.346583	0.0515092
-0.317923	-0.050681
-0.47322	0.240078
-0.395898	0.0742901
-0.110935	0.181976
-0.577161	-0.0447447
-0.488891	-0.277671
-0.412427	-0.0830905
-0.180064	-0.366043
-0.280971	-0.221736
-0.172055	-0.242267
-0.207935	-0.0210755
-0.337415	0.111632
-0.590281	0.00354672
-0.577419	0.00312381
-0.612414	0.0527139
-0.678967	0.0780494
-0.783334	0.139971
-0.564084	-0.0544836
-0.360591	0.162595
-0.556618	-0.0315104
-0.633448	0.020931
-0.478499	-0.126499
-0.475773	-0.317209
-0.640202	-0.313791
-0.680754	-0.376298
-0.805536	-0.331315
-0.886818	-0.244896
-0.784751	-0.252917
-0.736418	-0.253741
-0.899961	-0.308921
-0.989561	-0.136499
-0.747995	-0.294529
-0.76403	-0.195255
-0.937596	-0.488867
-0.818916	-0.29143
-0.735594	-0.448893
-0.920983	-0.202342
-0.886894	-0.382654
-0.88683	-0.253721
-0.764189	-0.0432238
-0.691468	0.190199
-0.566158	0.16168
-0.668395	0.2741
-0.766343	0.296207
-0.944685	0.359337
-0.834782	0.332239
-0.804461	0.206183
-0.831377	0.210258
-0.711376	0.0659253
-0.644005	0.0670995
-0.514688	0.0475704
-0.395427	0.0564478
-0.324249	0.032786
-0.308119	-0.0434075
-0.247607	-0.190947
-0.147277	-0.206604
-0.202336	-0.142987
-0.28682	-0.052102
-0.421942	0.0941413
-0.489719	0.260954
-0.722255	0.507707
-0.905177	0.422777
-0.691997	0.371947
-0.869559	0.0249613
-1.05308	0.260784
-1.02228	0.233181
-0.859667	0.0778037
-0.744691	0.466157
-0.698485	0.0606912
-0.63006	0.0665595
-1.01186	0.0507909
-0.73949	0.36427
-0.916744	0.621033
-0.936169	0.625626
-0.885465	0.496302
-0.799063	0.535087
-0.66197	0.520798
-0.578587	0.15607
-0.515484	-0.0794617
-0.616322	-0.0649973
-0.660734	0.00147435
-0.56792	0.310592
-0.531473	0.44664
-0.560122	0.515947
-0.485225	0.641406
-0.651999	0.633997
-0.5184	0.725392
-0.764099	0.874109
-0.606003	0.458218
-0.727405	0.0671005
-0.820142	-0.165605
-0.667178	-0.0640534
-0.731934	-0.265887
-0.65416	-0.0965121
-0.630481	0.0963282
-0.660338	-0.111871
-0.74563	-0.145334
-0.647991	0.253455
-0.273993	-0.253351
-0.307539	-0.259369
-0.351881	0.0852379
-0.0889675	0.0908673
-0.178663	-0.0256476
-0.180063	-0.183442
-0.191385	-0.225178
-0.110319	-0.0441118
-0.290745	0.0655638
-0.193933	0.0898328
-0.194341	-0.0610661
-0.346885	-0.0421279
-0.279017	0.0513459
-0.242506	-0.0818942
-0.177383	-0.0929135
-0.18197	0.0201232
-0.115461	0.100882
-0.303932	-0.202869
-0.171876	-0.176472
-0.299445	0.207076
-0.380082	0.080084
-0.465933	0.046183
-0.701236	0.0651686
-0.505884	-0.0968819
-0.733055	-0.244628
-0.768769	-0.113306
-0.704868	-0.0880008
-0.717899	-0.253676
-0.78741	-0.298945
-0.993814	-0.338684
-0.88341	-0.290547
-0.792565	-0.361481
-0.899109	-0.425241
-0.903862	-0.378281
-0.913467	-0.363363
-0.907863	-0.360737
-0.667226	-0.368154
-0.753166	-0.33972
-0.830717	-0.209436
-0.74991	-0.363277
-0.808963	-0.376173
-0.890772	-0.327524
-0.854607	-0.250715
-1.02547	-0.150777
-0.702352	-0.268788
-0.42358	0.554462
-0.539991	1.00347
-0.552898	1.11427
-0.40766	0.76764
-0.328515	0.747557
-0.369446	0.681532
-0.649422	0.646295
-0.762229	0.568492
-0.642702	0.270063
-0.616303	0.0692001
-0.607496	-0.0563631
-0.784064	0.0917516
-0.677047	-0.0364457
-0.873024	-0.107763
-0.830353	-0.0151302
-0.683885	0.331507
-0.463139	0.226816
-0.56198	0.531347
-0.540119	0.308211
-0.673739	0.301256
-0.579287	0.37763
-0.486694	0.240875
-0.462679	0.0309104
-0.415935	-0.343843
-0.456856	-0.418924
-0.397715	-0.406488
-0.412444	-0.348328
-0.302946	-0.327683
-0.148927	-0.286931
-0.0658355	-0.246529
-0.130309	-0.0562002
-0.509445	0.401002
-0.582702	0.444233
-0.590434	0.576825
-0.623756	0.641916
-0.663503	0.819101
-0.665198	0.711608
-0.61453	0.615999
-0.26422	0.123169
-0.347106	0.0736278
-0.368284	0.0292576
-0.34961	-0.0387855
-0.334661	-0.0479371
-0.32011	0.0120127
-0.325397	0.0311633
-0.294406	0.176873
0.17278	0.113838
0.214495	0.118598
0.148597	0.247512
0.145662	0.226504
-0.0256038	0.242328
-0.344698	0.236055
-0.301236	0.260981
-0.426998	0.321568
-0.46882	0.221503
-0.704468	0.381667
-0.802103	0.442878
-0.706919	0.507885
-0.43856	0.413322
-0.38957	0.363155
-0.244856	0.35634
-0.0751468	0.439762
-0.0594482	0.322401
-0.112838	0.33796
-0.080772	0.331393
-0.008824	0.397328
0.0165205	0.309677
-0.101063	0.405053
-0.386553	0.786307
-0.375008	0.482317
-0.549879	0.393174
-0.594315	0.266048
-0.601711	0.13835
-0.606396	0.110602
-0.594816	0.0607199
-0.765832	0.183472
-0.835902	0.212951
-0.949675	0.29675
-1.00529	0.367135
-1.06346	0.394354
-1.13958	0.477392
-1.12276	0.51817
-0.508139	0.439064
-0.404623	0.272902
-0.414549	-0.00832773
-0.347485	0.000152793
-0.229262	0.176574
-0.192098	0.0358357
-0.0249874	-0.0971218
-0.309856	0.115236
-0.525512	0.0302294
-0.650415	0.00458226
-0.876749	0.0440461
-1.03437	0.0880717
-0.807467	-0.0687369
-0.437874	-0.00779687
-0.401525	-0.111897
-0.608443	-0.13384
-1.06482	-0.392678
-1.16128	-0.570357
-0.811486	-0.0576482
-0.916917	-0.149412
-0.777632	-0.155022
-0.758802	-0.0829434
-0.647141	-0.0268868
-0.436653	0.170118
-0.385614	0.368444
-0.415402	0.202206
-0.359285	0.101252
-0.192069	0.10622
-0.0221092	0.0860527
0.0994861	0.205682
0.119529	0.0961876
-0.0343022	-0.00283421
0.102738	-0.201814
0.0563183	-0.23358
0.156143	-0.359764
0.0745138	-0.286381
0.259123	-0.377756
0.376391	-0.380778
0.477233	-0.503826
0.571695	-0.493212
0.752176	-0.418983
0.881142	-0.441254
0.760331	-0.226653
0.744407	-0.0637685
0.508424	0.0397997
0.190652	0.459604
-0.329527	0.238789
-0.502893	0.197088
-0.481105	-0.0905879
-0.644314	-0.345143
-0.648146	-0.223817
-0.648805	-0.313599
-0.773852	0.0138437
-0.235942	0.00386387
-0.413745	-0.0994176
-0.412924	-0.155046
-0.243243	-0.225087
-0.201938	-0.150182
0.00426185	-0.291226
0.0261906	-0.367348
0.202752	-0.311516
0.0989511	-0.118875
0.155171	-0.123104
0.0827117	-0.249437
0.130481	-0.392653
-0.2814	-0.341336
-0.2652	-0.246254
-0.430227	-0.070001
-0.541966	-0.171074
-0.583725	-0.159452
-0.596442	-0.0481443
-0.654485	-0.0203189
-0.760987	0.138361
-0.679137	-0.0404357
-0.659713	-0.120825
-0.66261	-0.227209
-0.828784	0.210595
-0.878297	-0.116557
-0.854175	-0.256137
-0.636534	-0.180645
-0.958161	-0.261969
-0.852196	-0.214733
-0.764386	-0.186903
-0.736135	-0.123069
-0.660044	-0.0758257
-0.876085	-0.286188
-0.707476	-0.144443
-0.865467	-0.262148
-0.672389	-0.229086
-0.0109226	-0.130499
-0.131162	-0.237285
-0.0322976	-0.37944
0.128328	-0.602233
-0.0784854	-0.306736
-0.126745	-0.0985886
-0.000430856	-0.189844
0.0301967	-0.124873
-0.077558	0.135948
-0.253596	0.341569
-0.398144	0.507241
-0.382846	0.628099
-0.585777	0.32872
-0.815407	-0.0228182
-0.922461	0.10985
-0.888368	0.202713
-1.00189	-0.0364836
-0.808427	-0.0620338
-0.997712	-0.173751
-1.07552	-0.0801661
-0.500131	0.135839
-0.546882	0.158025
-0.860362	0.0859223
-0.947711	-0.277393
-0.847513	-0.461856
-1.06579	0.0529707
-1.01629	0.299744
-0.901885	0.159431
-0.879497	0.131233
-0.891017	0.1477
-0.863055	0.123419
-0.848006	0.129035
-0.846865	0.212327
-0.826881	0.184114
-0.74398	0.139085
-0.445318	0.0475631
-0.233631	0.110244
-0.348595	-0.184165
-0.558845	-0.137528
-0.830669	-0.24319
-0.59472	-0.275039
-0.599682	-0.434815
-0.721677	-0.452792
-0.989271	-0.252474
-0.72127	-0.174759
-0.531551	-0.076859
-0.628903	-0.248594
-0.603016	-0.268062
-0.297984	0.24997
-0.1035	0.387954
0.0427785	0.171075
-0.127161	0.1215
-0.664501	0.0646214
-0.255796	0.0282834
-0.225801	-0.17142
-0.16378	-0.231476
-0.0923607	-0.301497
-0.0336431	-0.224087
0.107305	-0.101697
0.0699992	0.216788
-0.223409	0.320537
-0.447472	0.479683
-0.478268	0.456007
-0.333429	0.586573
-0.497745	0.374613
-0.776612	0.0169374
-0.777046	-0.25628
-0.795003	-0.12609
-1.17256	0.19193
-1.00512	-0.0121307
-0.87006	-0.0369965
-0.964669	0.01476
-1.09879	-0.169248
-0.968553	-0.182537
-0.727039	-0.123588
-0.740465	0.170668
-0.568333	0.168056
-0.910752	0.0130573
-0.77411	-0.171775
-0.585394	-0.0475372
-0.709605	0.255767
-0.711475	0.213312
-0.764974	0.200553
-0.681131	0.153503
-0.826345	0.34594
-0.737468	0.231647
-0.624413	0.196794
-0.529832	0.192736
-0.469353	0.267354
-0.314684	0.249028
-0.130338	0.218298
-0.132351	0.267488
-0.234169	0.411972
-0.155229	0.32397
-0.285848	0.317118
-0.343628	0.222524
-0.425916	0.214921
-0.48264	0.197898
-0.350513	0.0788109
-0.361862	0.0737189
-0.143289	-0.0240018
-0.000172008	-0.0289721
0.0437476	0.0624541
0.164107	-0.16176
0.0305369	-0.16775
-0.262491	-0.116977
-0.351156	-0.185994
-0.320827	-0.267722
-0.397265	-0.239267
-0.366076	-0.23571
-0.320065	-0.251074
-0.315155	-0.187126
-0.340218	-0.0634086
-0.231795	0.044098
-0.226556	0.231562
-0.331227	0.349213
-0.365483	0.395419
-0.521174	0.393575
-0.569403	0.145956
-0.417191	-0.168649
-0.0492008	0.0253872
-0.0218058	0.185492
0.024767	0.326538
0.114999	0.376168
-0.0178806	0.282841
-0.219026	0.198974
-0.368553	0.227509
-0.565807	0.150944
-0.582219	0.123891
-0.608468	0.045372
-0.5297	0.0655933
-0.516062	0.191222
-0.416841	0.13963
-0.539855	0.198086
-0.688229	0.197426
-0.383653	0.323054
-0.0213197	0.222971
-0.451332	0.372184
-0.789503	0.168658
-0.893969	-0.0217293
-0.709503	-0.0883158
-0.649797	-0.00301724
-0.520115	-0.0888822
-0.508394	0.0746734
-0.0659128	-0.114634
-0.171091	0.200677
-0.470223	0.307242
-0.453921	0.395516
-0.662435	0.405398
-1.05745	0.564609
-1.10632	0.386811
-1.08352	-0.0660742
-0.842097	-0.204147
-0.821415	-0.332313
-0.23878	0.0678478
0.281637	0.06135
0.262657	0.067008
0.251539	0.166042
0.186091	0.0858812
-0.0908577	0.250994
-0.0852032	0.157631
-0.00493365	-0.000685036
-0.113945	-0.165193
-0.30035	-0.136909
-0.368686	-0.126514
-0.452394	-0.0663426
-0.688029	0.101501
-0.743081	0.0887286
-0.822997	0.165747
-0.86548	0.189495
-0.876824	0.231155
-0.630338	0.213196
-0.666124	0.183966
-0.777383	0.12624
-0.894472	0.174782
-0.7777	0.159535
-0.729918	0.15383
-0.690464	0.182632
-0.685788	0.212845
-0.75891	0.270713
-0.726319	0.166958
-0.543218	-0.025484
-0.384276	0.200935
-0.245761	0.386208
-0.418688	0.226125
-0.612723	0.246041
-0.833965	0.216869
-0.834898	0.346553
-0.868145	0.304984
-0.686955	0.398086
-0.63199	0.104527
-0.723959	0.191562
-0.807497	0.0420819
-1.0169	0.0218019
-0.99511	-0.373344
-0.6556	-0.210045
-0.816122	-0.073208
-0.714848	-0.279861
-0.674471	-0.299974
-0.83372	-0.114127
-0.821783	-0.176594
-0.744385	-0.147013
-0.711662	-0.154023
-0.815327	-0.092091
-0.450687	-0.268627
-0.672548	-0.0535241
-0.803333	0.232347
-0.747285	0.203499
-0.663912	-0.152764
-0.485381	0.0287866
-0.476081	0.114618
-0.36391	0.0347852
-0.373991	0.172045
-0.395475	0.358428
-0.556568	0.347342
-0.537489	0.316457
-0.777443	0.393061
-0.502707	0.0403684
-0.520179	0.241726
-0.647628	0.321977
-0.554639	0.114012
-0.590615	0.238529
-0.688486	0.112557
-0.542403	0.017512
-0.612741	0.107737
-0.754004	0.16027
-0.53168	0.112109
-0.173366	0.293536
-0.281328	0.233435
-0.261345	0.191456
-0.326131	0.34417
-0.426147	0.323277
-0.408046	0.294014
-0.249744	0.255773
-0.188239	0.290785
-0.280037	0.489505
-0.0625985	0.486473
0.164573	0.573882
0.133741	0.44827
0.0431386	0.454654
-0.0891928	0.51537
-0.343364	0.278581
-0.613777	0.0156308
-0.713659	-0.313441
-0.655698	-0.365395
-0.918456	0.239425
-1.01449	0.386505
-0.838512	0.266075
-0.765908	0.175802
-0.817275	0.193917
-0.814257	0.0666007
-0.791756	-0.0281092
-0.749208	-0.035902
-0.685964	-0.0797574
-0.635415	-0.0697987
-0.55827	-0.0583937
-0.209874	-0.214894
-0.0687461	-0.0683544
-0.0404761	0.0302869
-0.0373472	-0.0673301
-0.223033	-0.190199
-0.387969	-0.384377
-0.656299	-0.358445
-0.711978	-0.230882
-0.826534	-0.262965
-0.930341	-0.225688
-0.825373	-0.249908
-0.867819	-0.418032
-0.815647	-0.251963
-0.721169	-0.198651
-0.786056	-0.263186
-0.228245	0.210339
0.130131	0.17532
0.31334	0.172928
0.166208	0.369629
0.322189	0.265801
-0.0380625	0.305694
-0.042818	0.0542146
-0.167232	-0.221525
-0.274734	-0.198143
-0.301442	-0.0739777
-0.127188	-0.134588
0.00292919	-0.194477
-0.0479551	-0.105241
-0.407895	0.192636
-0.470042	0.433512
-0.453046	0.36275
-0.509216	0.336388
-0.501144	0.377315
-0.454268	0.382353
-0.433669	0.333978
-0.263335	0.41919
0.0683048	0.356972
0.0187172	0.204159
-0.445086	0.106042
-0.760816	-0.0314292
-0.296174	0.0160505
-0.306771	0.0506656
-0.585018	0.525804
-0.928786	0.406275
-0.927859	0.462689
-0.647189	0.141522
-0.578132	0.0284928
-0.40968	-0.276922
-0.285752	-0.402859
-0.169632	-0.456241
-0.253183	-0.370665
-0.262398	-0.395
-0.212741	-0.315676
-0.162563	-0.420152
-0.0153996	-0.341682
0.141654	-0.249742
0.359657	-0.269581
0.298197	-0.0622762
0.288873	-0.0431147
0.210119	0.0348092
-0.0466413	0.0652792
0.344477	-0.081659
0.330761	0.00188048
0.321871	0.12969
0.297833	-0.0492917
-0.00557515	0.080339
0.078301	0.0336357
-0.0685734	0.0682722
-0.0913497	0.115712
0.162381	0.0425505
-0.113374	0.0959748
0.112259	-0.0667867
0.00064187	-0.0985511
0.152052	-0.179236
-0.0327741	-0.026088
0.0958244	-0.109626
0.134833	-0.219788
-0.0548643	-0.100894
-0.0717364	0.0369488
-0.111051	0.0018466
-0.205647	0.0752989
-0.344613	0.100396
-0.435136	0.0808078
-0.654022	-0.0338295
-0.687637	-0.252798
-0.809481	-0.339929
-0.719411	-0.308402
-0.846083	-0.226459
-0.86853	-0.162195
-0.66102	-0.322235
-0.835704	-0.153881
-0.992851	-0.258187
-0.853343	-0.389886
-0.908566	-0.369291
-0.980086	-0.375593
-0.794125	-0.497502
-0.98234	-0.362271
-0.853481	-0.416546
-0.920646	-0.299688
-0.694679	0.0235852
-0.359342	0.47877
-0.455461	0.258517
-0.388101	0.220645
-0.336268	0.148642
-0.364333	0.212066
-0.348947	0.260352
-0.520434	-0.0852487
-0.616972	-0.131899
-0.771328	-0.0830712
-0.957674	-0.0128534
-1.01094	0.0107886
-0.915705	0.0386699
-0.723514	-0.0782976
-0.680053	-0.174535
-0.747944	-0.199448
-0.776534	-0.175689
-0.820356	-0.118235
-0.763567	-0.200164
-0.82572	-0.105023
-0.686611	-0.0709517
-0.379755	-0.0755697
-0.150624	0.125834
-0.236908	-0.134669
-0.354513	-0.0483315
-0.279456	0.0835144
-0.213562	0.140453
-0.212453	0.22657
0.176164	0.192619
-0.199332	0.258247
-0.385089	0.080909
-0.470595	0.0970719
-0.243709	0.308494
-0.71657	0.486625
-0.649321	0.424695
-0.591658	0.354846
-0.601179	0.341485
-0.481372	0.179957
-0.507734	0.121923
-0.463366	0.102848
-0.0681176	0.411575
-0.0587712	0.00175224
-0.130469	-0.185893
-0.250726	-0.22817
-0.415158	-0.184034
-0.733199	0.0151151
-0.696631	0.118037
-0.493845	-0.00817671
-0.529911	-0.130667
-0.82448	-0.212913
-0.618299	-0.243417
-0.619714	-0.0358871
-0.174209	-0.0500843
-0.298048	-0.0127968
-0.351732	-0.0698854
-0.43872	-0.101345
-0.661929	0.0301675
-0.662244	-0.140615
-0.178739	0.0593408
-0.764334	0.0825815
-0.703518	0.196319
-0.404028	0.160729
-0.210407	0.109744
-0.0511205	0.0569139
-0.0566785	0.19333
-0.0924523	0.223922
-0.0799542	0.172179
0.0714054	0.203271
-0.0467643	0.311104
0.0295364	0.473039
0.0132587	0.281685
-0.219238	0.0874138
-0.334195	0.194598
-0.0881434	0.0224718
-0.453068	-0.14714
-0.160123	0.281627
-0.685524	0.60051
-0.713193	0.567306
-0.720211	0.448934
-0.840647	0.57203
-0.743135	0.618715
-0.668808	0.66921
-0.615611	0.637013
-0.543755	0.526504
-0.495066	0.42396
-0.409286	0.368049
-0.4607	0.423816
-0.430322	0.471002
-0.219103	0.655647
-0.219964	0.60435
-0.183725	0.388579
-0.172125	0.392692
-0.268864	0.431927
-0.0678889	0.224495
0.119714	0.502445
0.231283	0.502665
0.177952	0.476071
0.0435383	0.522186
-0.27053	0.196988
0.0147672	0.10883
-0.200912	0.0258636
0.0951046	0.312622
0.00408623	0.277498
-0.0810412	0.176346
-0.086041	0.0618187
-0.299346	-0.0487958
-0.284845	-0.143724
-0.46014	-0.146934
-0.512623	-0.130896
-0.540368	-0.120264
-0.503695	-0.127679
-0.437282	-0.150045
-0.339021	-0.122263
-0.436763	0.00979371
-0.330876	0.0214064
-0.220293	0.0704935
-0.220083	0.255897
-0.32294	0.482391
-0.141376	0.346051
-0.164099	0.490751
-0.310946	0.289955
0.0880842	0.227265
0.150357	0.377327
-0.0512817	0.438576
0.00298747	0.409161
0.117728	0.179491
0.149625	0.345677
-0.245268	0.33269
-0.172633	0.108432
-0.305944	0.0187866
-0.381212	-0.132292
-0.337824	-0.144804
-0.171657	-0.293849
-0.103304	-0.262871
-0.0072642	-0.258446
-0.162496	-0.117071
-0.343708	0.0123959
-0.442978	0.140766
-0.273664	0.103389
-0.215261	0.317085
-0.505203	0.415792
-0.333418	0.0864267
-0.40361	-0.0763978
-0.365892	-0.277581
-0.268786	-0.227357
-0.439478	-0.114447
-0.58247	-0.0990289
-0.719929	-0.0898963
-0.870088	-0.177363
-0.669406	-0.243461
-0.613275	0.00120846
0.0421014	0.417086
-0.157827	0.350278
-0.114217	0.36956
-0.290533	0.288789
-0.352373	0.180782
-0.341457	0.035787
-0.395021	-0.00653437
-0.153993	0.162025
-0.101921	0.315242
-0.438851	0.192757
-0.437214	0.137115
-0.417	-0.337674
-0.183905	-0.197329
-0.250762	-0.0816502
-0.327839	0.097631
-0.444477	-0.0951197
-0.280369	-0.240458
-0.324861	-0.292027
-0.309217	-0.0308302
0.08949	0.0348128
-0.207635	-0.162381
-0.328114	-0.168555
-0.444277	-0.0627648
-0.444642	0.0394762
-0.461567	0.0173239
-0.616748	-0.0402921
-0.462575	-0.0926338
-0.427618	-0.0481362
-0.325756	0.027552
-0.0840466	0.0822728
0.0786171	0.0942753
0.146435	0.116274
0.0342719	0.107182
-0.150033	0.0401783
-0.210343	-0.00447971
-0.293868	-0.0628058
-0.382182	-0.110519
-0.462953	-0.110986
-0.457394	-0.0623066
-0.418119	0.0242948
-0.446808	0.102755
-0.500653	0.269837
-0.538531	0.347426
-0.506018	0.425045
-0.516071	0.558595
-0.43631	0.578763
-0.379742	0.62719
-0.378929	0.750389
-0.390061	0.709288
-0.373072	0.786097
-0.428992	0.915919
-0.581248	0.606803
-0.370177	0.715082
-0.263239	0.661048
-0.305164	0.362375
-0.501765	0.216525
-0.421461	0.0136426
-0.542771	-0.220356
-0.430037	-0.0655762
-0.361801	-0.146829
-0.320261	-0.232261
-0.377894	-0.33695
-0.285997	-0.33687
-0.373023	-0.396287
-0.252194	-0.2601
-0.371154	-0.259704
-0.487712	-0.0813891
-0.429413	-0.217206
-0.591237	-0.193089
-0.560682	-0.172899
-0.384398	-0.328268
-0.665921	-0.190572
-0.610181	-0.068606
-0.557134	-0.0457831
-0.873011	-0.0958392
-0.839531	-0.243636
-1.01109	-0.304735
-1.14211	-0.413139
-0.973113	-0.25294
-0.752383	-0.320585
-0.721667	-0.273884
-0.885942	-0.158644
-0.742545	-0.372868
-0.81079	-0.220358
-0.121469	-0.132414
0.0639283	-0.110097
-0.21082	-0.169392
-0.487952	-0.244949
-0.2947	-0.0209088
-0.188956	-0.179633
-0.197599	-0.213372
-0.257236	-0.116781
-0.27688	0.0741449
0.257857	0.0368595
0.256762	0.346839
0.0166626	0.102678
-0.0252238	0.020731
-0.276541	0.00670853
-0.518413	0.280559
-0.705887	0.369381
-0.388251	0.579129
-0.391393	0.33386
-0.369155	0.121775
-0.525355	0.252873
-0.705528	0.405304
-0.735238	0.428393
-0.767105	0.403545
-0.8784	0.449393
-0.732726	0.644217
-0.591953	0.651582
-0.426275	0.647582
-0.242156	0.638328
0.0571909	0.716915
-0.138626	0.593969
-0.375296	0.602596
-0.217406	0.538467
-0.0470131	0.545216
0.0680323	0.278802
-0.0976439	0.32389
0.111608	0.26909
0.0952428	0.249113
0.100091	0.197721
-0.464577	0.432371
-0.831008	0.52927
-0.82753	0.383853
-0.891684	0.318414
-0.86693	0.214572
-0.977893	0.252669
-0.793729	0.170704
-0.308153	0.17005
-0.626108	0.263096
-0.723764	-0.0404621
-0.748872	0.040288
-0.899033	-0.316453
-0.934554	-0.218809
-0.857579	-0.142142
-0.80397	-0.0525062
-0.888718	0.0623789
-0.477426	0.276988
-0.732111	0.219414
-0.739669	0.517047
-0.772329	0.467634
-0.680348	0.316277
-0.642165	0.276035
-0.499157	0.242464
-0.418102	0.332703
-0.422596	0.452044
-0.38173	0.487461
-0.062791	0.707275
-0.00712097	0.687191
-0.189344	0.491733
-0.228166	0.52599
-0.139049	0.558654
-0.0659079	0.510529
0.00710342	0.788628
-0.104981	0.862074
-0.320124	0.838839
-0.327678	0.911791
-0.393403	0.8944
-0.542823	0.992731
-0.593478	0.900588
-0.607938	0.791016
-0.593111	0.670678
-0.209694	0.481495
-0.33881	0.575168
-0.592288	0.355919
-0.69243	0.183606
-0.118452	0.0364746
-0.332553	-0.0231627
-0.114163	0.108263
-0.490348	0.0329709
-0.55453	0.183357
-0.53313	0.171198
-0.539337	0.197265
-0.741651	0.367335
-0.966305	0.407703
-0.884958	0.401836
-0.812697	0.363247
-0.69295	0.23824
-0.642487	0.109354
-0.562481	-0.00588924
-0.483291	-0.0507513
-0.422681	0.00753017
-0.24151	0.0830351
-0.0122835	0.352267
-0.131159	-0.00739291
-0.306875	0.207761
-0.359022	-0.0159327
-0.267615	-0.0118102
-0.299827	0.0425418
-0.165192	0.0764601
-0.598345	0.382939
-0.48761	0.274971
-0.411723	0.233116
-0.564331	0.0943825
-0.642964	-0.0612488
-0.406097	-0.256091
-0.604202	-0.133872
-0.633373	0.0177672
-0.59331	-0.0113601
-0.581137	-0.0475923
-0.463565	-0.115421
-0.266967	-0.39982
-0.172912	-0.443698
0.0157589	-0.278204
0.0377677	-0.290557
-0.0985655	-0.304413
-0.147815	-0.346628
-0.15598	-0.237925
-0.210415	-0.0996825
-0.275486	-0.0208656
-0.17648	0.102044
-0.213573	0.296224
-0.0923113	0.345666
-0.106655	0.202624
-0.118705	0.393061
0.188388	0.382525
-0.148442	0.470587
-0.0713131	0.41495
-0.123273	0.565171
-0.387934	0.583495
-0.275205	0.750383
-0.229539	0.491796
-0.674925	0.550109
-0.657523	-0.268243
-0.766846	-0.225242
-0.93574	-0.336025
-0.749621	-0.356358
-0.913056	-0.254508
-1.01771	-0.354864
-0.827718	-0.200001
-0.915506	-0.115186
-0.861498	-0.254047
-0.731988	0.113913
0.0283809	0.437849
0.338042	0.656669
0.200825	0.504634
0.278275	0.459955
0.443482	0.224743
0.432753	0.261837
0.0374725	0.294735
-0.395503	0.310451
-0.631999	0.279971
-0.711611	0.347766
-0.752972	0.458146
-0.779664	0.457326
-0.83447	0.136774
-0.782581	0.187557
-0.81073	0.176844
-0.894682	0.210046
-0.952876	0.209706
-0.930889	0.0887235
-0.899747	0.00823516
-0.831656	-0.0192099
-0.741614	-0.105559
-0.78095	-0.0790384
-0.891653	0.00099894
-0.845407	0.0143347
-1.05754	0.229534
-1.03003	0.201682
-1.03515	0.234546
-0.753683	0.120438
-0.80723	0.257686
-0.871375	0.304648
-0.732418	0.184833
-0.813961	0.202678
-0.829492	0.147243
-0.861859	0.0973606
-0.868663	0.0762318
-0.892874	0.0609079
-0.797689	-0.00896496
-0.738771	0.0556813
-0.731405	-0.0332508
-0.761391	0.00357259
-0.80535	0.103443
-0.800499	0.151793
-0.695106	0.146894
-0.68982	0.218389
-0.536677	0.311071
-0.416606	0.355761
-0.334296	0.411316
-0.299898	0.406275
-0.341914	0.483617
-0.23303	0.399434
-0.312762	0.522561
-0.369132	0.430332
-0.428405	0.402609
-0.581467	0.419423
-0.611691	0.259872
-0.720042	0.169602
-0.748375	0.051171
-0.780026	0.021104
-0.684443	-0.0320312
-0.688514	-0.0160942
-0.644883	-0.0163041
-0.649765	0.0822156
-0.508182	0.138054
-0.517608	0.17528
-0.405646	0.107916
-0.259573	0.188372
-0.236028	0.176615
-0.246341	0.129053
-0.279798	0.152222
-0.322037	0.130292
-0.363132	0.130628
-0.317073	0.0252872
-0.379027	0.00525814
-0.545997	0.0976884
-0.609922	0.0984742
-0.649315	0.0647688
-0.570929	-0.0145249
-0.669024	0.0447069
-0.689588	-0.0206755
-0.394325	-0.303365
-0.313472	-0.0621708
-0.107819	0.258271
-0.153657	0.245049
-0.169538	0.215792
-0.196559	-0.0123817
-0.0611486	-0.0253533
-0.146324	0.127833
-0.318623	0.0478907
-0.497237	-0.0674879
-0.705931	-0.0870799
-0.767706	-0.135461
-0.917528	-0.183616
-0.721516	-0.277897
-0.831717	-0.272625
-0.707935	-0.271948
-0.878977	-0.222054
-1.06102	-0.163896
-0.890718	-0.229179
-0.851728	-0.257248
-0.87583	-0.516478
-0.893446	-0.29054
-0.832519	-0.222773
-0.902038	-0.244396
-0.751315	-0.225571
-0.66395	-0.282973
-0.368292	0.233381
-0.17498	0.169623
-0.117211	0.23524
-0.0203823	0.0488366
-0.0683651	0.115517
-0.132398	0.117106
0.0554166	-0.0454422
-0.183479	-0.133606
-0.315406	-0.0602284
-0.301058	-0.0217659
-0.228621	-0.160951
-0.341459	-0.122283
-0.463482	-0.120313
-0.533118	-0.0406407
-0.578802	-0.0445768
-0.437012	-0.123118
-0.505787	-0.0612786
-0.475223	0.322202
-0.433538	0.481227
-0.31097	0.60424
-0.120905	0.428897
-0.107673	0.403374
-0.193739	0.530088
-0.0752129	0.459734
-0.15621	0.56404
0.223203	0.476827
0.110115	0.170415
0.252764	0.450448
0.159211	0.396112
0.0478981	0.350199
-0.0726589	0.231462
-0.0420355	0.0402326
-0.137314	-0.0239651
-0.182155	-0.19447
-0.376595	-0.195868
-0.560776	-0.164617
-0.613648	-0.301864
-0.680307	-0.256156
-0.605801	-0.248256
-0.617046	-0.250847
-0.608128	-0.119727
-0.488458	-0.0317851
-0.407662	0.170646
-0.50664	0.50674
-0.389044	0.388737
-0.406226	0.303007
-0.267404	0.0684635
-0.242913	-0.153091
-0.365043	-0.156091
-0.274046	-0.281849
-0.24047	-0.242717
-0.222326	-0.170044
-0.192778	-0.169375
0.0048461	-0.0899333
0.22845	0.105867
0.304544	0.209375
0.185109	0.00836598
-0.0243268	0.0477796
-0.32551	0.0645467
-0.694131	0.0608499
-0.69596	-0.0548822
-0.687047	0.462878
-0.901662	0.640922
-0.311865	0.213439
-0.229634	-0.0729623
-0.248655	-0.228571
-0.389188	-0.0847585
-0.375574	-0.140865
-0.29165	-0.112813
-0.221477	-0.109258
-0.386643	-0.0253239
-0.284255	0.00767687
-0.26667	-0.179602
-0.200274	-0.0604389
-0.0330294	0.025722
-0.0217556	0.0481915
0.252037	0.110691
0.100889	0.0612574
-0.135235	-0.185725
-0.21214	-0.0199266
-0.341859	0.136942
-0.0235023	0.407574
0.142005	0.393614
-0.00777858	-0.0812936
-0.098879	-0.0245054
-0.0453784	-0.178679
0.0166965	-0.284656
-0.0658979	-0.403733
-0.258042	-0.419835
-0.129422	-0.319765
-0.0756729	-0.147758
-0.0810923	-0.0952253
-0.166148	-0.0377322
-0.355258	-0.0486209
-0.36362	-0.0192245
-0.387735	0.0552864
-0.505993	0.055643
-0.800914	-0.327047
-0.772586	-0.281291
-0.846481	-0.316361
-0.864705	-0.446053
-0.823071	-0.18353
-0.895773	-0.148102
-0.910462	-0.0758712
-0.803644	-0.296642
-0.642775	-0.256128
-0.84495	-0.561407
-0.950627	-0.268873
-0.967158	-0.329061
-1.02872	-0.3795
-0.882733	-0.289409
-0.768173	-0.431971
-0.885805	-0.366007
-0.792512	-0.269584
-0.895567	-0.11951
-1.00766	-0.24522
-0.999727	-0.279368
-0.569382	-0.325368
-0.237	-0.185431
-0.306501	-0.0901803
-0.0824001	-0.0658245
0.00552458	-0.289985
0.0258931	-0.302047
-0.304776	-0.321128
-0.261702	-0.497178
-0.60687	-0.249692
-0.663095	-0.373741
-0.680574	-0.386348
-0.625453	-0.323961
-0.51109	-0.317606
-0.490893	-0.361646
-0.534927	-0.306602
-0.531615	-0.267666
-0.707393	-0.248287
-0.733697	-0.215504
-0.513679	-0.234165
-0.256205	-0.0346242
-0.369788	0.0497059
-0.408346	-0.0524527
-0.588474	-0.0645427
-1.35607	0.239445
-1.48211	0.20265
-1.05584	0.280897
-0.851862	0.542474
-0.890347	0.553254
-0.81502	0.478048
-0.866647	0.41702
-0.787608	0.277574
-0.624669	0.127476
-0.541817	0.0222395
-0.139912	0.0666252
-0.350651	0.359319
-0.383025	0.0729696
-0.455778	-0.118127
-0.404797	-0.266317
-0.392536	-0.311191
-0.509705	-0.137458
-0.4907	0.138694
-0.285018	0.0109886
-0.423526	-0.00930685
-0.499232	-0.16176
-0.633769	-0.150426
-0.699327	-0.190917
-0.529345	-0.00111737
-0.287671	-0.0922531
-0.48111	-0.108014
-0.563499	-0.057815
-0.603851	-0.110476
-0.730207	-0.0477384
-0.671022	-0.0920873
-0.536804	0.0217606
-0.547802	0.401635
-0.102423	0.222421
-0.536795	0.0801741
-0.494742	0.108735
-0.49514	0.342467
-0.495309	0.0708789
-0.542027	0.0642389
-0.430737	0.0130617
-0.381033	-0.0869697
-0.385229	-0.143497
-0.353572	-0.144441
-0.275044	-0.101297
-0.387894	0.162671
-0.687463	0.581594
-0.597963	0.417921
-0.681512	0.492354
-0.672871	0.610536
-0.67484	0.506078
-0.573484	0.440401
-0.490183	0.530644
-0.448088	0.493545
-0.391184	0.499872
-0.293059	0.55652
-0.380337	0.683607
-0.37124	0.799247
-0.358732	0.819674
-0.407089	0.795501
-0.320813	0.732018
-0.27151	0.796795
-0.272638	0.737147
-0.261448	0.664772
-0.484204	0.159568
-0.501178	-0.144765
-0.592468	0.0975343
-0.523525	-0.230649
-0.531699	0.234718
-0.508569	-0.00285652
-0.418933	0.00331961
-0.463783	0.112098
-0.495579	-0.0112279
-0.631449	0.0873243
-0.504666	0.0777974
-0.653794	0.157715
-0.592841	0.103329
-0.629263	0.377458
-0.401854	0.802843
-0.556771	0.858257
-0.783996	0.740653
-0.722238	0.773377
-0.686255	0.730538
-0.792673	0.708259
-0.732306	0.516778
-0.67254	0.369021
-0.577643	0.207327
-0.535833	0.0565999
-0.477992	0.0669104
-0.54777	0.144559
-0.493149	0.1979
-0.34463	0.0484051
-0.381315	0.161397
-0.254208	0.0875806
-0.201281	0.0711231
-0.29015	0.0772984
-0.205005	0.052337
-0.102608	-0.0268277
-0.00409228	0.0018332
0.00844088	0.0457399
-0.171843	0.267669
-0.182907	0.22573
-0.0278747	0.109177
-0.408535	-0.102809
-0.890203	-0.0138646
-0.651197	-0.0931621
-0.509998	-0.198012
-0.504735	-0.299766
-0.885618	-0.142184
-0.703296	-0.191783
-0.694685	-0.215255
-0.621828	-0.399547
-0.636487	-0.208018
-0.678403	-0.245428
-0.63675	-0.288699
-0.989645	-0.163233
-0.851975	-0.245162
-0.773859	-0.333107
-0.933072	-0.322043
-0.932861	-0.236947
-0.954841	-0.155762
-0.554433	-0.244696
-0.949579	-0.390173
-1.05157	-0.357629
-0.929902	-0.066707
-0.861936	0.0167607
-0.661665	-0.0424929
-0.722768	-0.11735
-0.832807	0.0942332
-0.721651	-0.0244827
-0.943008	0.00345337
-0.999699	-0.0334942
-0.820073	-0.127414
-0.724765	0.0774533
-0.95321	0.236361
-1.06474	0.12942
-0.848959	0.244753
-0.483957	0.370874
-0.884182	0.404316
-0.921549	0.443967
-0.808035	0.429568
-0.776457	0.50546
-0.629895	0.486718
-0.550416	0.448688
-0.411375	0.339553
-0.159157	0.398747
-0.186218	0.439235
-0.203945	0.48221
-0.357034	0.416253
-0.464041	-0.026058
-0.70778	-0.117169
-0.4956	0.273573
-0.39169	0.0103947
-0.392095	-0.0112944
-0.410185	0.120694
-0.47588	0.0522204
-0.179295	0.0640915
0.0579102	0.259851
0.0319538	0.200983
-0.318716	0.119331
-0.255867	-0.0265734
-0.203963	-0.181425
-0.304776	0.0359212
-0.335693	-0.155942
-0.486499	-0.060289
-0.397885	-0.0657106
-0.427058	-0.0490884
-0.355043	0.0442745
-0.42276	0.365947
-0.493332	0.248532
-0.667561	0.0788608
-0.714579	0.0756943
-0.525893	0.0529561
-0.0725493	0.0645347
0.190898	0.0200413
0.577227	0.238195
0.559626	0.0774785
0.309065	0.2832
0.239558	0.203892
0.180889	0.116141
-0.00263911	0.18053
-0.119397	0.184225
-0.30343	0.255395
-0.648292	0.223866
-0.57618	0.18412
-0.500055	0.265716
-0.422312	0.331116
-0.466031	0.290969
-0.289857	0.341002
-0.752024	0.683416
-0.627071	0.305912
-0.417316	0.291309
-0.252327	0.446932
-0.375574	0.257914
-0.452995	0.391845
-0.551066	0.338307
-0.557258	0.553356
-0.221956	0.66683
-0.0777142	0.634968
-0.0592692	0.496194
-0.197165	0.363015
-0.251442	0.412116
-0.291443	0.506346
-0.29501	0.423248
-0.327824	0.0566767
-0.478964	0.0894674
-0.545151	0.0792945
-0.5845	0.0712531
-0.644832	0.115729
-0.756415	0.228742
-0.791865	0.287274
-0.863757	0.323511
-0.858245	0.201362
-0.56047	0.380184
-0.676887	0.515948
-0.495684	0.33096
-0.229223	0.182087
-0.215659	0.192235
-0.0566904	0.352621
-0.256767	0.226897
-0.592636	0.29324
-0.617257	0.148869
-0.714076	0.0227762
-0.617536	0.12432
-0.698488	0.0478559
-0.655597	-0.0209239
-0.689634	-0.253735
-0.607405	0.0191753
-0.574221	0.17711
-0.0891433	0.405126
-0.134507	0.576543
0.0161429	0.647846
0.0522475	0.662483
0.109563	0.416138
0.24529	0.299353
0.0440819	0.461871
0.105956	0.489032
-0.245955	0.305884
-0.42222	0.146859
-0.491688	-0.0067812
-0.556397	0.0556623
-0.9549	0.33801
-1.19341	0.355863
-1.29243	0.185418
-0.832907	0.491705
-0.661921	1.034
-0.494948	1.08385
-0.29725	0.973468
-0.356557	1.1497
-0.311707	0.968066
-0.453458	0.936952
-0.473808	0.779028
-0.553869	0.528357
-0.585052	0.288385
-0.50049	0.108726
-0.480733	-0.132399
-0.494877	-0.201157
-0.53675	-0.184177
-0.401564	-0.221139
-0.449244	-0.231618
-0.36157	-0.12825
-0.354971	-0.00257738
-0.371943	0.148189
-0.475731	0.39726
-0.298399	0.33344
-0.3657	0.422497
-0.396985	0.620893
-0.36455	0.700718
-0.247677	0.8681
-0.346554	1.00154
-0.343465	0.962916
-0.372255	0.958726
-0.493273	0.871677
-0.451639	0.868568
-0.557485	0.892892
-0.528679	0.630866
-0.836618	0.588196
-0.628159	0.600485
-0.642947	0.426758
-0.664081	0.305542
-0.604903	0.426048
-0.690695	0.441235
-0.736823	0.415593
-0.609446	0.440985
-0.559006	0.309493
-0.556239	0.0984028
-0.497583	0.0894749
-0.451476	0.114149
-0.560122	0.0370096
-0.952399	-0.12449
-0.854034	-0.273242
-0.80292	-0.199167
-0.649644	-0.422942
-0.778976	-0.194992
-0.866198	-0.205174
-0.978436	-0.243531
-0.913695	-0.417959
-0.585586	0.0294674
-0.154266	0.319739
-0.361652	0.291589
-0.41218	0.241476
-0.460785	0.174745
-0.416706	0.212528
-0.488478	0.211813
-0.3747	0.131636
-0.458302	0.0521748
-0.430694	-0.178828
-0.559716	-0.0791873
-0.431209	-0.0786655
-0.567506	0.124969
-0.187989	0.453974
-0.425361	0.484545
-0.418264	0.447018
-0.455435	0.446089
-0.607563	0.561088
-0.61951	0.528514
-0.81898	0.428259
-0.670495	0.429159
-0.515375	0.416703
-0.654686	0.169175
-0.642581	0.0733412
-0.630244	0.0448618
-0.601133	0.0102304
-0.627569	0.0546785
-0.607865	0.100921
-0.558832	0.111757
-0.689353	0.282024
-0.785077	0.359968
-0.749529	0.439979
-0.776244	0.60028
-0.739759	0.67856
-0.630414	0.556708
-0.348366	0.254096
-0.267223	0.108829
-0.288844	-0.00145896
-0.386018	-0.0318512
-0.361217	-0.0125018
-0.352483	0.0170952
-0.328952	0.105751
-0.086925	0.205127
0.186746	0.361903
0.301462	0.545514
0.394128	0.563443
0.45447	0.59099
0.405607	0.602011
0.503412	0.56032
0.445378	0.578917
0.38574	0.549568
0.251072	0.522631
0.0528099	0.424347
-0.0617872	0.283465
-0.173116	0.114827
-0.214943	-0.0231486
-0.398146	-0.084438
-0.445411	-0.181003
-0.552378	-0.273863
-0.626491	-0.302126
-0.60224	-0.380649
-0.645709	-0.296011
-0.686416	-0.102739
-0.707336	0.0566146
-0.772308	0.283962
-0.69313	0.47377
-0.627883	0.527699
-0.643031	0.73278
-0.652953	0.742136
-0.459819	0.957048
-0.56317	0.924814
-0.572946	0.785191
-0.605349	0.744672
-0.671818	0.453243
-0.876127	-0.0663656
-0.864772	-0.154941
-0.816781	-0.216567
-0.68944	-0.074392
-0.78853	-0.195325
-0.903502	-0.193537
-0.780867	-0.190118
-0.81898	-0.243106
-0.84125	-0.186697
-0.833314	-0.367804
-0.794876	-0.243998
-0.706631	-0.297544
-0.904353	-0.371417
-1.0761	-0.0883555
-0.950131	-0.0391149
-0.684461	-0.0829192
-0.847114	-0.244185
-0.796138	-0.232563
-0.672418	-0.305717
-0.881038	-0.116817
-1.09751	-0.282259
-0.880171	0.0346045
-0.691752	-0.109695
-0.761419	0.0650314
-0.760007	-0.0513939
-0.65065	0.0446986
-1.03636	0.012386
-1.02723	-0.186812
-0.774135	-0.323315
-1.03446	-0.251066
-0.983623	-0.33841
-1.00653	-0.363806
-0.802683	-0.225615
-0.932346	-0.191881
-0.973701	-0.232934
-1.04617	-0.419749
-0.861527	-0.287869
-1.00383	-0.29702
-0.80616	-0.156379
-0.753345	-0.255721
-0.843351	-0.317084
-0.886976	-0.379109
-0.753492	-0.339345
-0.760732	-0.312658
-0.724169	-0.198306
-0.64127	-0.115252
-0.881507	-0.304173
-0.915903	-0.413511
-0.800279	-0.290745
-0.887878	-0.0153293
-0.826153	-0.141728
-0.865295	-0.268284
-0.889637	-0.253324
-0.9507	-0.191091
-0.809261	-0.402491
-0.753456	-0.459528
-0.753494	-0.378999
-0.978495	-0.223925
-0.897893	-0.417006
-0.934362	-0.276971
-0.887915	-0.464027
-0.974009	-0.192792
-0.878573	-0.110906
-0.87074	-0.358672
-0.734038	-0.152135
-0.74675	-0.154033
-0.768726	-0.236817
-0.652661	-0.370315
-0.498004	-0.217815
-0.45507	-0.0893917
-0.150289	-0.162765
-0.0112414	-0.168407
-0.087386	-0.128029
-0.125804	0.112968
-0.101825	0.223537
0.00991335	0.201271
0.236325	0.258076
0.480762	0.274041
0.615079	0.369502
0.58378	0.334847
0.780826	0.400273
0.702894	0.465148
0.717228	0.375354
0.571221	0.476682
0.347288	0.552539
-0.0485763	0.68893
-0.109223	0.783064
-0.142818	0.73807
-0.198741	0.77912
-0.307099	0.730658
-0.254381	0.82751
-0.258106	0.738254
-0.294675	0.636927
-0.011309	0.54269
-0.194527	0.229478
-0.155093	-0.0177636
0.03635	-0.161521
0.375976	-0.0186103
0.37655	0.314184
0.35546	0.291614
0.0842682	0.30584
0.256866	0.161335
-0.0863263	-0.0019658
-0.241903	0.083213
-0.849793	0.172932
-0.838022	0.200995
-0.808144	-0.125216
-0.669048	0.0580116
-0.396845	0.0471536
-0.166258	-0.0321406
-0.466421	-0.0206232
-0.550034	-0.0754258
-0.839742	-0.0748571
-0.670327	-0.154105
-0.636981	-0.105797
-0.305994	0.179073
-0.470551	0.128063
-0.551407	0.126088
-0.372186	-0.00503225
-0.35496	0.0579135
-0.247872	0.194245
-0.0946126	0.340584
0.186385	0.305111
0.0389664	0.441191
0.181443	0.408795
0.146109	0.544753
0.352176	0.402993
0.178633	0.172101
-0.310415	0.559943
-0.355175	0.73302
-0.0458509	0.264531
-0.268198	0.33645
-0.149921	0.251992
-0.0932263	0.288012
-0.0531858	0.488475
-0.172909	0.749996
-0.153886	0.663023
-0.250567	0.596508
-0.259995	0.558423
-0.0406743	0.632223
0.178145	0.811767
-0.0103259	0.36265
-0.103273	0.15423
-0.461192	0.0034996
-0.404665	-0.0905531
-0.382771	-0.0633432
-0.539621	-0.853396
-0.489234	-0.659941
-0.536663	-0.233403
-0.541144	-0.354741
-0.600523	-0.346215
-0.59066	-0.282894
-0.580611	-0.0624803
-0.434176	-0.0744139
-0.470603	0.0328118
-0.521815	-0.10064
-0.569151	-0.13509
-0.583317	-0.0625787
-0.854318	0.367007
-0.955412	0.540359
-0.945281	0.777564
-0.68227	1.04786
-0.563642	1.23709
-0.491131	1.20976
-0.494298	1.22616
-0.426762	1.21145
-0.394006	1.22407
-0.181545	1.1609
-0.055402	1.38203
-0.258588	1.27698
-0.528365	1.26455
-0.586225	1.17616
-0.536756	0.999422
-0.56455	0.741818
-0.359812	0.302956
-0.454314	0.33401
-0.460876	0.277288
-0.636091	0.197465
-0.715152	0.176093
-0.57477	-0.100205
-0.811315	-0.170995
-0.759996	0.151716
-0.662373	-0.153611
-0.93145	-0.161097
-0.718017	-0.193088
-0.767874	-0.279831
