7.3435	-5.62207
-1.93361	-1.94456
-0.684995	-5.9369
-1.16609	-7.91697
1.4635	-10.2292
0.980668	-11.6633
-0.551489	-9.91803
3.48725	-3.45839
-20.8937	-10.4862
-10.8476	-13.8521
4.1772	-1.20765
-10.4412	-13.2865
-11.1211	-9.75744
-10.6073	-5.52545
-5.33337	-9.1957
7.77649	-13.6817
8.05628	-12.1886
5.44245	-12.7078
5.05892	-8.6227
-1.73736	-9.4703
-0.720347	-8.52939
-2.40659	-4.33388
-5.67135	-3.53365
0.179568	-5.37496
11.608	-4.8216
11.8996	-4.15769
8.81575	-7.43165
12.3288	-8.41596
11.2908	-6.44045
11.2073	-10.249
10.8055	-10.4423
-6.16861	-8.46856
-14.3528	-9.79035
-12.8637	-13.4256
-9.50313	-15.0591
-6.68373	-12.2752
-4.77147	-8.46327
2.80658	-0.161892
-4.44272	-6.34362
-10.819	-3.68998
-13.7116	-5.56984
-8.93466	-12.7241
2.23465	7.17869
-5.09966	-3.51691
-11.0291	-4.44029
1.14201	-2.82142
-4.34224	-13.4745
-2.34051	-16.3119
-3.08455	-12.0724
-3.5333	-0.241896
-8.78857	6.65112
3.47751	-4.29914
0.580849	-4.79895
-0.460027	1.01476
-3.85682	-9.5364
-0.906945	-13.0986
-3.14787	-6.13863
-6.01548	-12.1551
-0.634115	-11.0065
-6.8312	-5.63674
-13.5053	-13.1839
-5.47158	-21.1109
5.18615	-18.2233
4.2272	-27.0608
4.33319	-28.1273
3.02965	-28.8206
1.9074	-31.0087
1.89619	-32.5707
3.77629	-32.5978
4.72061	-32.0433
5.90407	-26.7203
3.85557	-14.0022
1.50954	-5.77829
-1.86425	-6.27802
-4.10526	-13.2866
-8.22754	-15.1731
-8.4456	-14.0319
-9.97377	-11.5708
-4.2134	-14.3868
-0.595699	-3.43399
2.38323	-8.95613
2.53086	-3.52448
-4.22557	-8.73921
-0.131949	-6.18615
0.637411	-7.11108
-7.00257	-12.9642
-11.8066	-8.34007
-9.02859	-2.06212
-7.10648	-16.6332
-1.18442	5.12736
11.1813	-0.646544
-2.18454	-16.2578
-0.0692611	-19.238
1.06429	-20.5733
5.62358	-11.8343
7.22586	-14.0561
6.24043	-12.6001
5.4744	-10.7022
4.09197	-9.33902
-14.6656	-4.30631
-19.3423	-0.668898
-17.4432	1.042
-17.8115	3.38732
-19.6838	2.84544
-17.7023	-3.65049
-9.12733	-12.7702
-3.64311	-13.0954
4.03782	-13.8223
3.18998	-12.3955
5.24293	-10.3427
3.729	-3.67027
7.61231	-7.56898
7.11678	-11.0137
0.621316	-16.4159
-8.89207	-10.7494
-12.3709	-11.7588
-10.9091	-11.2969
-13.9369	-11.281
-12.919	-14.8687
-17.1007	-13.5149
-13.3398	-16.8673
-6.04769	-20.3232
-11.3181	-17.4507
-16.3312	-23.1748
-14.5666	-17.5548
-8.08084	-20.42
-1.79445	3.97599
-3.61656	-1.01205
-2.28695	5.93668
0.70192	-11.8691
-3.71479	-12.8365
-10.4329	-13.9242
-14.7005	-13.9817
-16.8448	-11.3788
-18.768	-16.1497
-14.0922	-21.2178
-0.7904	-8.02052
3.02237	-8.09994
12.0468	-0.858714
2.95641	-10.1075
-2.24718	-18.6346
-4.29493	-11.5898
1.62599	-7.37073
-0.73737	-4.4819
3.76692	-6.56216
1.49892	2.31032
-3.62319	-3.74222
2.6238	6.4029
4.11261	-0.606562
0.404492	-1.58301
-3.09084	2.63857
7.86144	-1.75088
4.54241	-2.06539
4.31912	-1.29804
9.77944	-1.74232
8.83671	-6.22289
3.51346	-8.26392
-1.23001	-6.74268
2.23639	-11.8211
2.28016	-14.8501
-0.27626	-15.528
1.41456	-22.6161
1.15085	-20.7419
-1.97725	-22.3028
-5.07567	-18.9834
-7.1146	-15.2473
-8.0748	-13.473
-5.41233	-15.0624
-1.15752	-11.2313
-14.9419	-18.0881
-11.7764	-21.927
-8.06793	-14.5104
-4.62517	-23.048
-0.201137	-12.5025
-4.90666	-8.31529
-7.40653	-8.54819
-10.9771	-6.99222
-13.3366	-5.96353
-14.7294	-2.89457
-10.1893	-3.45633
3.43992	-2.79547
6.47334	-5.31764
2.0533	-4.84259
1.75111	-6.17889
3.27084	-3.59422
2.50575	-7.029
-1.06072	-12.4927
-13.6454	-17.1614
-15.8533	-12.7577
-18.088	-10.5624
-20.4689	-9.94826
-18.8871	-10.6061
-14.8687	-14.3797
-8.58147	-19.478
-5.72539	-21.7136
-2.88445	-22.7076
-1.06883	-21.2709
1.53118	-19.7884
3.49189	-18.6852
10.8677	-18.7759
12.5625	-16.75
10.0554	-11.6692
5.19296	-5.53074
1.04786	5.07147
-2.10901	0.217675
-0.349356	-0.846746
4.29658	-2.97714
3.50292	-9.76593
5.74193	-18.7656
4.65476	-23.9171
0.946968	-16.7098
8.44248	-14.3683
8.93282	-17.5814
9.48888	-17.3152
10.4072	-18.8804
9.87105	-17.4427
8.17633	-13.4602
-6.57945	-17.8234
-9.19796	-10.695
-13.151	-12.1505
-7.24642	-14.9912
-7.21152	-16.9144
-0.446751	-20.3625
1.49592	-20.2528
3.90013	-17.1133
-0.710803	-12.6449
2.8988	-14.3055
2.38687	-10.1355
12.1088	-14.6415
-3.8339	-7.12871
2.18781	-2.75253
-1.84285	3.23354
1.04251	2.1344
-6.17712	2.99619
-8.82841	-5.84161
-4.30194	-1.32636
-11.3709	1.68254
-3.21284	-5.29004
-6.75605	-3.76148
-2.98655	-6.67521
-1.03226	-13.2354
-0.836624	-16.1529
-1.56114	-18.8562
-2.62499	-18.9128
-0.593281	-14.2885
6.92126	-14.6371
6.41696	-14.6868
10.4566	-12.8226
9.6306	-16.3814
7.52849	-13.3065
9.75564	-10.4288
4.60467	-9.67848
11.149	-17.182
4.71324	-15.5552
6.24963	-13.8746
8.12134	-13.9352
11.3895	-7.92227
9.81563	3.50584
5.66997	2.2463
-12.6031	-8.11946
-13.1067	-1.06616
-3.03509	-0.478908
-14.6678	-10.2795
-13.3541	-6.98857
-17.367	-5.7734
-16.7442	-10.954
-9.25194	-4.56201
-12.0069	-8.8553
-11.8239	-14.6009
-12.84	-12.7685
-10.2212	-12.043
-4.2449	-12.2462
-10.3354	-10.234
-6.2246	-13.6734
-1.87973	-17.8418
-0.590508	-16.5327
6.56854	-5.24815
-1.54991	-3.48168
2.18064	-8.56556
-2.97786	-8.24108
-1.53149	-6.84049
-3.79855	-8.15225
-1.44193	-4.84466
2.26322	-10.5667
0.938845	-2.02844
-5.08183	-10.593
1.23606	-3.86555
0.95704	-9.99166
3.41651	-20.7458
-0.475977	-24.997
5.50602	-18.9811
0.777233	-23.7508
-4.45636	-18.6225
-7.29509	-16.4496
-10.2982	-13.1009
-10.7369	-13.4348
-10.6113	-14.7306
-10.1353	-14.6376
-9.21665	-12.2579
-8.86845	-12.364
-7.93827	-11.5941
-7.5042	-10.5483
-6.58552	-11.2095
-3.3256	-9.12662
9.715	-13.2618
9.2285	-15.4127
8.00142	-15.2949
6.78381	-7.69625
2.59133	-12.7503
2.67549	-20.9238
-0.90996	-23.1193
-2.53494	-24.0892
-4.71858	-23.5696
-4.58252	-23.5528
-3.46602	-21.5647
-0.660893	-20.1752
-0.220102	-18.0113
-4.7954	-10.7227
-2.83563	-8.75947
-7.61897	-13.156
-6.64976	-12.1768
-5.41223	-18.2225
-8.31927	-19.5689
-10.0148	-17.9794
-8.09698	-18.6972
-3.07988	-11.5804
2.90179	-8.08757
4.26135	-7.4901
-0.362043	-15.8125
-8.55475	-20.6679
0.463436	-12.2157
0.798159	-15.5224
4.14587	-7.83646
-1.05561	-18.2082
-4.82667	-17.2486
-5.86577	-9.73389
-5.61922	-14.1161
-9.5628	-11.2115
-9.93373	-10.6871
-8.37383	-9.08984
-8.40591	-9.49305
-4.94813	-11.6788
-5.36725	-10.3861
-5.69505	-10.4872
-6.65503	-10.6123
-8.37471	-9.15236
-14.4308	-13.6184
-13.4503	-19.5668
-15.635	-18.7427
-18.8415	-23.4406
-17.8761	-23.291
-10.1619	-20.3774
-5.12385	-16.7972
-0.347679	-10.5082
2.95418	-0.000698552
9.67393	-22.915
11.4361	-23.7044
15.0164	-26.5522
15.0347	-28.8248
12.4635	-25.3574
14.4023	-27.252
19.7937	-26.6427
18.0746	-23.7001
8.4979	-18.6985
5.29458	-13.594
-0.70627	-11.6621
-6.37408	-8.99259
-11.3433	-11.2425
-12.3222	-4.91351
-11.7383	-7.14693
-7.2313	-2.77717
-4.25894	-6.80044
0.097294	-15.4084
-1.35699	-25.4723
-2.02532	-26.4824
-4.87376	-28.843
-5.91436	-26.4264
-7.62453	-25.0123
-2.19088	-24.6941
-2.39264	-26.7363
0.771186	-22.3109
-2.2999	-24.8825
-1.54892	-12.9233
8.83083	-7.20866
12.1999	0.0409193
7.91383	3.79957
-1.41394	-9.71472
-1.79191	-10.4701
-3.75777	-12.4105
-3.15122	-10.7979
-1.69696	-11.5798
0.068991	-11.7315
-1.95749	-2.11874
4.13986	-5.68952
0.0556119	-8.55052
3.9863	-5.84564
-0.88723	-1.42816
1.89463	-4.20213
-2.0689	-2.81766
4.08154	-1.32257
8.19629	-3.28021
14.0721	-2.85492
8.29808	-14.1703
7.88758	-9.27498
3.73448	-6.54565
-11.2101	-17.6768
-13.5653	-20.4059
-18.5353	-16.6191
-15.6258	-16.1751
-13.0503	-15.507
-10.908	-16.1564
-1.36806	-20.7997
12.6211	-15.1925
13.8576	-17.8879
7.15937	-18.2013
8.68804	-17.7551
10.5376	-22.1028
12.3279	-17.6225
13.4948	-9.83737
11.0436	-28.2794
2.06219	-24.419
1.36776	-23.4147
0.202104	-19.8355
-7.008	-20.514
-10.3428	-21.38
-9.3708	-16.338
-12.3281	-16.2592
-10.4398	-13.138
-10.6146	-13.9532
-6.15545	-18.6714
-0.83436	-19.1665
3.8072	-13.0735
7.88734	-16.5569
12.0832	-16.8819
11.1215	-18.9397
7.63677	-16.5115
6.57235	-16.6264
1.79368	-23.3251
2.08488	-20.2504
-0.185926	-16.6256
-2.80954	-14.0516
-7.13484	-12.6478
-7.21127	-10.0894
-0.73654	-7.84994
5.52605	-10.1082
6.49843	-10.3553
6.83406	-0.639765
-3.32017	-8.59926
-5.41568	-8.2884
-9.47286	-12.1422
-6.84265	-16.9931
-5.73499	-21.5296
-6.14905	-18.2756
-0.687904	-19.6533
2.50949	-23.5724
13.6512	-21.6906
10.2795	-12.8805
1.90154	-8.73324
1.90147	-15.0601
-2.54744	-29.3213
1.41859	-22.3421
5.82446	-34.3976
4.38489	-29.1658
3.99735	-30.3155
6.17948	-29.9993
10.1447	-27.9855
13.496	-20.789
0.865696	-20.6718
1.34783	-13.9399
-4.60788	-17.8306
3.58213	-18.072
2.2571	-27.7768
10.3392	-21.3563
8.82957	-21.4943
-1.57658	-24.1289
-4.43228	-26.5334
-1.61281	-26.5362
-2.89481	-31.0178
-0.40259	-25.5424
1.611	-27.7808
-0.758392	-27.041
-0.385038	-28.5575
-2.26221	-27.8029
-1.11901	-30.8148
-2.18082	-33.3184
-2.43608	-27.3377
-5.07736	-27.312
-2.46908	-23.849
0.481081	-19.7188
15.5179	-11.9838
10.4704	-16.4839
10.6512	-14.3533
9.00074	-16.2717
8.34837	-16.7216
7.02897	-23.9959
6.65527	-25.472
3.69124	-19.2589
11.6087	-10.9697
2.95647	-6.17012
3.62136	-6.75399
7.80807	-9.45811
6.47703	-28.4387
2.68467	-29.2843
4.25495	-26.3864
3.65696	-25.1468
0.583633	-23.0924
0.75562	-18.8509
2.56654	-19.3644
-0.785351	-7.81026
0.503917	-7.65146
-4.0339	-10.6378
1.165	-20.4553
-1.94325	-20.9941
0.204991	-20.3631
0.730889	-19.0889
0.471942	-19.3454
4.78356	-19.2344
12.7224	-10.4692
17.7791	-16.2053
17.1319	-21.2488
12.8368	-23.438
7.59594	-21.1223
9.56413	-20.8973
8.59162	-17.1767
10.6288	-5.00174
7.59493	-5.02165
6.63891	-5.33472
-5.99302	-6.94033
-7.93542	-7.63486
-8.41879	-11.4179
-3.1368	-11.1625
-0.683978	-11.2091
2.91069	-16.701
6.09914	-15.0396
9.51139	-19.6883
12.6716	-18.2547
14.0508	-24.2321
10.1274	-15.3528
9.28575	-21.4622
11.4824	-14.3009
8.08228	-7.65463
6.86165	-2.76051
5.22715	-19.8659
7.11512	-20.9588
0.425084	-25.0598
-0.62729	-19.2866
-3.42239	-16.129
-4.45949	-17.2983
-2.88708	-16.4335
-4.01105	-15.672
1.57584	-9.34348
2.74678	-11.2458
-6.15336	-10.5027
-5.84543	-12.1412
-6.35038	-10.5764
-6.13257	-10.9174
4.37025	-12.5663
11.6397	-17.4059
8.48669	-10.1362
8.82608	-17.4191
7.85182	-6.90356
10.8382	-17.7697
15.1734	-16.1874
-3.16302	-13.4826
-3.89348	-15.8028
-7.56065	-12.4271
-13.5329	-6.02347
-6.64961	-13.0316
-3.37969	-3.02724
-3.11147	-14.0214
7.22009	-9.30646
5.90495	-29.7152
9.2617	-33.6574
9.73207	-29.9536
12.0753	-29.4707
11.2501	-10.7576
-1.95033	-8.64712
1.36006	-8.45634
5.46232	-4.5164
0.626031	-8.13169
-7.07539	-20.074
-1.36828	-16.0054
-3.02889	-22.3517
-2.60006	-15.2666
-3.18745	-19.6629
-0.828604	-13.1271
-9.94384	-12.257
-7.47638	-9.82918
-2.55443	-3.97681
-5.16574	-3.46161
-5.72608	-0.739893
1.61009	-0.0975791
-3.02127	-3.08365
2.27243	1.97583
2.70567	5.90296
-1.31483	-3.40265
-0.92877	-9.34887
-7.61825	-10.336
-1.20412	-13.6758
6.28151	-6.53931
2.02083	-3.16379
3.54119	-13.7341
1.43535	-8.33829
-5.204	-1.57174
2.89245	-5.74224
-3.02651	-7.90468
1.07918	-5.59464
-0.76651	-6.17866
-4.08309	-10.2516
-14.8601	-16.8521
-13.984	-16.3474
-12.2619	-14.2212
-4.5244	-17.751
2.86396	-0.626832
7.73045	-1.19993
4.97348	-5.89551
1.72071	-4.72795
-2.17375	-25.6692
-7.73851	-9.3266
-16.8001	-10.1455
-15.7997	-17.519
-10.6561	-8.74375
-10.7384	-5.3323
-2.79344	-18.9158
-2.82018	-18.3415
-2.52494	-18.6508
-0.92091	-19.1721
-1.10867	-9.18631
6.00207	-9.63501
8.88235	-11.9156
-6.04667	-12.329
-5.51556	-13.0501
-4.31348	-18.6754
-4.98748	-21.3456
-4.36329	-20.332
2.40175	-17.9366
5.55738	-25.5764
9.65827	-21.9299
7.67296	-23.7468
-0.0283961	-26.0716
3.71484	-28.1867
4.74803	-21.2895
1.38091	-14.5038
-5.27266	-10.2824
-9.62537	-9.94197
-10.3322	-14.2322
-1.92161	-8.08359
2.9057	-12.898
8.38823	-5.63346
3.46407	-7.52239
-0.651168	-9.64116
8.11165	-6.86507
-2.77664	-10.3258
0.147636	2.09817
5.31359	5.46421
6.73508	-12.7447
0.550988	-24.2758
-2.35618	-20.6828
-5.5861	-18.4221
-3.68028	-22.4722
-2.80535	-20.6763
-4.23622	-21.3524
-0.879033	-19.8394
-2.89161	-18.743
-3.53946	-18.3144
-7.76983	-13.9769
-10.9685	-13.0157
-11.6019	-11.7464
-10.3359	-9.71454
-9.07546	-10.5217
-4.98934	-9.97489
-4.8254	-9.45862
-2.51469	-9.62498
8.22483	-13.238
2.34322	-8.92415
-1.45319	-7.72632
-4.34284	-8.41094
-7.19408	-9.45457
-7.45806	-9.76701
-5.98343	-9.49036
-10.1227	-2.99723
-7.06463	1.13371
-8.44378	-7.93181
-10.4862	-6.05321
-9.19897	-8.13987
-2.27319	-9.12219
-2.83584	-0.374371
-7.30302	4.83963
-2.37972	-9.76777
-2.79544	-15.6741
3.99256	-5.54866
-4.85864	-15.6684
-4.21887	-14.7376
-2.55014	-18.8858
4.53093	-16.2059
1.49653	-13.5195
1.13615	-14.2033
-7.96463	-11.3788
-6.73812	-0.676607
5.7756	-6.53748
6.25238	-3.76316
3.95289	-10.584
-5.43747	-9.5223
-13.7809	-13.0535
-6.46837	-15.7354
9.44605	-7.80623
5.43278	-17.0082
1.48868	-19.7204
-2.76893	-20.2462
-10.5899	-18.6604
-12.6343	-18.1279
-11.291	-16.8365
-15.9085	-20.6414
-16.2399	-13.8031
-21.2287	-15.7801
-18.4983	-14.0649
-18.5935	-6.32592
-17.3894	-6.9469
-14.3066	-3.77728
-10.5299	-9.79367
-3.717	-9.85341
3.26525	-14.8779
10.026	-10.6378
11.7651	-15.4705
12.2705	-26.2393
10.3176	-24.0047
11.1396	-30.0535
10.1665	-26.4624
11.5712	-27.4107
2.83971	-23.1542
-1.7542	-22.4658
-3.45077	-23.3187
-6.71213	-13.6129
-12.1675	-14.428
-14.0521	-13.3762
-14.2868	-15.3993
-16.4936	-12.6628
-15.5566	-11.0174
-11.4503	-5.80396
-7.68701	-8.48361
3.08487	0.585998
-5.31852	-17.3986
-6.94234	-17.6293
-3.45195	-19.3429
-5.79615	-9.13321
-5.42672	-6.14086
-4.2199	-14.038
-7.01206	-11.3717
0.312227	5.30921
-3.87302	-4.42006
-0.48359	-4.67366
-1.17069	-5.50891
5.83702	-7.28204
-0.401546	-4.42708
1.44052	-3.66156
-1.31808	-4.87446
-1.35576	-5.50801
-0.23078	-12.4042
0.214165	-12.9478
2.27833	-12.2436
4.33934	-15.5084
1.6163	-14.953
5.57008	-10.4453
7.02654	-18.3442
3.98025	-29.626
0.507031	-29.5251
3.05914	-24.1743
6.48908	-17.379
4.90857	-18.7036
7.23802	-19.457
4.55338	-21.1863
5.54923	-19.1646
-2.11698	-3.75146
-2.54924	-9.13083
-5.17899	-2.84992
-0.730635	-12.2893
-7.57027	-9.88461
-5.63782	-11.5009
-2.72895	-13.1241
-2.68603	-13.131
-1.13933	-13.3036
5.00905	-12.4513
3.33456	-10.7268
6.20131	-13.2535
8.12455	-22.0859
5.71571	-25.2069
4.1261	-30.3438
-1.51143	-31.3491
-3.5935	-24.788
-4.03117	-22.7445
-1.82643	-22.9142
5.5929	-13.7681
11.379	-12.4104
8.72852	-11.8037
5.96654	-6.40062
9.41061	-7.44535
6.2474	-5.7896
-7.67831	-2.67711
-15.4673	-4.00956
1.67736	-14.0871
-3.21799	-23.8831
-5.54424	-16.9955
-6.27896	-14.27
-7.55907	-12.3103
-6.94553	-11.5574
-7.89265	-9.44162
-7.348	-6.04233
8.95891	-20.6553
8.59733	-20.8597
8.58912	-20.5883
9.43187	-19.1724
6.36705	-22.5111
9.92409	-21.2678
7.98089	-18.5817
-1.8993	-6.19078
-5.84999	4.84298
-3.59469	-6.57555
-6.38338	-3.79231
1.48132	1.97928
-3.91364	-1.28614
-6.49834	-12.9899
-7.33215	-14.3074
-6.85205	-10.9836
-8.72421	-6.94786
-9.43057	-4.78706
1.43348	-5.23369
8.05686	-3.19595
5.53987	-6.54484
-4.75039	-6.59237
-7.43422	-8.12642
-8.39718	-6.13955
-7.1233	-6.66537
-3.53066	-11.865
-1.15583	-16.4365
-1.86131	-21.9052
0.167013	-18.1866
6.74985	-10.0523
7.83944	-9.20253
13.2088	-10.4432
5.50091	-1.40353
-3.92837	-2.97337
-3.84881	-3.84456
2.28897	-9.88298
0.0833269	-12.2645
2.95583	-18.8733
-1.07227	-18.7653
-2.54691	-15.5541
-4.58021	-11.5076
-8.88567	-8.02918
-7.52047	-7.47946
-0.535442	-10.6886
1.18228	-9.4553
6.83869	-19.403
7.21131	-20.624
6.07993	-18.9521
3.34721	-18.1841
2.08484	-18.0547
3.33373	-18.4595
7.85931	-26.2936
6.09213	-23.2084
6.33251	-27.2878
-7.10832	-19.6572
-19.7731	-18.6144
-21.9817	-13.9449
-25.8348	-15.376
-21.6654	-10.8747
-25.2655	-7.17935
-17.7571	-5.69084
-15.7046	-9.30836
-12.4162	-6.02072
-4.79749	-12.7803
-3.43114	-20.2815
-0.696729	-24.5546
1.07348	-17.9621
2.08362	-9.9274
2.50979	0.280216
5.51369	-4.61019
4.39484	-4.60316
2.54699	-10.3266
1.85445	-6.92018
2.26117	-8.256
8.21521	-3.59128
9.40282	-0.0356283
7.36741	-1.74843
8.78071	-3.57977
0.893845	-2.20378
3.9016	-3.34778
-6.60122	0.314324
-14.9138	5.42279
-9.76136	5.80011
-12.655	4.50156
-10.6439	0.777016
-10.4003	1.86936
-8.63935	-3.62203
-7.76028	-9.15521
-8.01749	-12.9208
-5.59882	-12.0267
3.09458	-14.8453
-8.97049	-13.6848
-7.3942	-11.0444
-8.25843	-8.55599
-7.95018	-9.27241
-9.5801	-7.57617
-9.6753	-5.42457
-8.5802	-4.83477
2.42037	-3.99179
3.56647	3.09999
0.439957	1.86656
3.84319	7.27978
-1.00675	0.183257
-5.40484	-1.20401
-5.5153	-8.34039
-10.7275	-8.74284
-12.3468	-7.54523
-9.96574	-6.03995
-6.52153	-11.0232
4.28275	-15.0367
7.44951	-18.4242
4.54581	-14.8369
6.73366	-17.3083
5.71289	-14.7683
8.71762	-15.826
6.91069	-17.391
9.42351	-15.3516
10.2793	-9.68568
5.32708	-17.7595
3.30841	-26.5368
-3.90555	-22.4343
-7.50211	-17.6506
-15.7296	-12.6109
-21.358	-7.4941
-17.2546	-6.64881
-18.7117	-5.23565
-20.4192	-7.41074
-20.1648	-10.0994
-19.8713	-9.46373
-18.9531	-10.2129
-20.1616	-9.59544
-14.3545	-10.1271
-5.67563	-7.43677
1.53562	-13.1105
4.84114	-5.75437
1.31253	-8.66926
-0.739946	-11.9758
-5.17953	-5.98076
-16.4005	-1.78938
-16.4011	2.85168
-12.0152	-2.8675
-7.69719	-6.98294
-3.12814	-16.7985
6.34535	-7.83881
-4.31979	-19.1886
-4.21864	-16.0549
-4.21173	-13.878
-3.56158	-17.0344
3.0356	-22.3195
4.7319	-25.1812
10.9792	-9.08326
6.95572	-10.0263
9.77544	-16.2638
2.56507	-13.385
1.08619	-11.983
6.73892	-9.66355
1.79611	-7.73004
3.6564	-11.1631
5.77519	-3.92151
2.26227	-18.5638
3.1216	-22.4854
1.88051	-25.9099
3.36275	-27.3871
2.65063	-27.0909
-0.33396	-27.2737
0.500645	-22.669
1.92733	-21.6334
11.4509	-17.9149
8.61885	-20.8789
11.9119	-14.0054
5.2262	-19.1328
4.82234	-17.6679
6.92742	-17.1149
11.4639	-8.72546
11.1009	-12.8833
8.75318	-12.4384
0.453725	-9.60561
-8.24811	-14.2166
-0.47879	-26.0437
-4.03919	-22.136
-7.31397	-19.26
-0.39572	-21.9405
-4.97929	-20.1728
0.417552	-15.9715
-5.65002	-9.40461
12.1352	-17.944
6.46198	-12.1236
9.63478	-13.1529
11.2262	-12.8075
12.0372	-18.6591
11.1723	-16.9608
10.9028	-17.1389
5.58312	-12.5266
7.13428	-7.90256
6.05194	-15.0725
-4.89311	-6.90998
-6.89709	7.99101
-3.56172	-5.46903
3.42574	-2.52754
1.92169	-6.5081
1.49461	-7.79193
2.77964	-8.0753
-5.07588	-4.42675
5.88052	-3.83662
6.00271	-14.4166
0.246788	-19.4016
-0.306381	-20.5734
-0.826187	-26.9588
-2.53394	-27.9323
-2.5155	-25.9547
-2.45896	-25.4725
-2.44554	-28.6672
-0.720403	-26.4838
3.12019	-23.5771
-0.706854	-20.65
0.748597	-16.8178
-3.02323	-5.03863
-4.34514	-3.66804
4.34743	-4.8454
4.45579	-8.1634
-1.42568	-16.1219
-1.48341	-25.1871
-2.68314	-30.229
-2.46453	-31.4936
-0.666498	-29.1814
0.769772	-28.0569
0.964566	-23.3272
5.25138	-25.7224
5.59099	-23.7469
3.20522	-24.0642
6.26624	-27.7401
6.05265	-27.946
5.98621	-24.8797
6.12703	-20.7456
5.24482	-16.8548
10.532	-9.04196
-0.219081	-21.9272
-2.39859	-20.1434
-7.00684	-13.6232
-12.1379	-10.6723
-16.0273	-12.5049
-16.0531	-11.8639
-10.1649	-15.3511
-0.43366	-18.5404
3.74811	-17.1863
-2.95179	-12.2325
-3.82971	-12.4639
-9.01737	-17.5913
-9.37719	-17.0379
-4.89383	-14.6566
2.83729	-13.9298
-2.25469	-19.2058
1.18043	-16.0099
9.46699	-28.9946
4.42139	-29.187
3.24631	-27.6526
8.19314	-22.6812
-0.890243	-12.6767
-2.6618	-12.1193
-7.73989	-7.82182
-9.07731	-3.90152
-10.197	-1.82262
-13.0779	1.69574
-14.4817	0.589563
-13.9921	-0.43419
-11.7058	1.94894
-6.65125	-1.92062
-0.676334	-7.6653
2.11555	-8.41934
10.0852	-12.6086
8.18676	-12.3969
7.13099	-9.90533
5.78426	-7.47479
2.40091	-7.15675
-7.39872	-4.57988
-4.89538	-9.00153
-6.21206	-10.9424
-3.62518	-11.5461
4.11413	-9.15742
4.91468	-9.9526
3.93727	-10.0654
-1.08426	-8.16063
0.537163	-8.95805
0.719615	-14.0513
-0.567508	-15.5964
-1.69019	-14.9956
-3.04735	-17.6916
-1.25482	-17.349
1.10093	-13.4604
-0.0217196	-2.43709
-8.93023	-0.507283
-13.102	-18.124
-3.88247	0.734946
-3.59128	-12.8278
-3.14328	-6.50393
-3.76122	-8.0508
-1.30717	-8.40403
-7.53237	-10.1285
-10.1346	-15.2369
2.7592	-14.0903
-5.7529	-16.3381
-6.55956	-14.3843
-10.1886	-12.2134
-10.5208	-9.51531
-7.54899	-5.71041
-9.41834	-9.14603
-4.85303	-2.8382
-1.05325	-4.98679
-3.51684	-8.56634
-8.86392	-13.3589
-6.24752	-9.58878
-13.6907	-11.7176
-14.5781	-7.36188
-6.84029	1.30321
-7.35772	-6.10438
-6.17876	-14.8345
5.16932	-6.18991
-0.819404	-16.5503
0.617396	-19.0939
-1.64271	-18.115
-7.65401	-16.0982
-12.7754	-19.0641
-13.4636	-16.4026
-16.9774	-22.0131
-23.6137	-20.8475
-23.4961	-19.1818
-26.9281	-17.6142
-22.3035	-16.54
-26.7544	-14.2097
-23.883	-8.18023
-25.4008	-12.662
-25.1457	-8.96355
-19.1134	-9.60831
-21.198	-9.43263
-14.3221	-8.17561
-12.4547	-10.1183
-10.1151	-10.0469
-2.31905	-18.6833
-0.196698	-22.5307
1.22966	-23.4994
1.07541	-27.5377
4.11291	-31.4911
3.35744	-28.0972
2.46166	-32.0121
-0.541897	-30.287
4.91503	-19.6748
13.7352	-20.1235
11.4952	-11.5438
10.3419	-12.3061
3.37022	-11.4742
0.205245	-3.24835
4.39214	-4.97353
3.26281	0.910087
8.9734	-6.18549
1.84129	-4.86484
-1.74847	-6.53742
-0.459561	-6.49509
-0.57977	-4.65173
1.32555	-6.9376
3.94204	-1.41924
0.547684	2.73981
-1.00674	-2.34868
2.68726	-2.89106
-1.48472	-2.18131
-5.80786	1.99573
0.199696	1.47233
3.78748	-9.28107
-1.02265	1.80985
1.93692	-0.660528
1.71864	-3.03633
1.97172	-7.39209
-4.05248	-5.89718
-6.22979	-6.45667
-4.14501	-6.85412
-5.67339	-9.25561
-9.18082	-11.8427
-4.45542	-13.9239
-6.8128	-10.3959
-7.83206	-10.2215
-0.939327	-7.57443
-4.83647	-4.45969
-4.64297	0.65473
-16.7712	-10.7606
-4.64971	0.487929
2.82676	-7.05342
-0.45071	-1.87868
2.67402	-3.38516
-5.78359	-5.08598
-5.96273	-7.30364
-12.6183	-12.2137
-9.46804	-7.0428
-8.81582	-12.0625
-6.23667	-16.052
-7.27494	-16.7137
-6.61162	-18.3407
-4.18719	-21.6809
-3.00375	-20.871
-4.43182	-22.0162
-0.207882	-10.3002
3.02245	-20.6406
4.92663	-19.7828
7.03429	-22.2083
8.62239	-21.3341
7.41816	-21.7593
1.04213	-13.8767
-5.7464	-18.2903
-7.13453	-16.2227
-6.77377	-14.4394
-6.69068	-15.7125
-1.55369	-8.76947
2.47441	-2.5093
-0.235081	-7.94606
-2.45584	-13.9217
-1.15767	-14.7234
-1.83229	-9.95523
6.08296	-8.2398
11.9585	-16.6442
9.43951	-34.1374
1.84797	-32.8283
1.16379	-26.6453
8.84609	-25.9497
12.0309	-8.06619
-0.864848	-17.0133
-4.58973	-25.8255
-6.97747	-20.8966
-7.93451	-17.4759
-9.1355	-9.0181
-9.92252	-9.42386
-7.89423	-9.75282
-5.04546	-11.8158
-5.41388	-13.6215
-3.65858	-19.7713
4.37076	-13.52
5.75161	-17.2527
3.84158	-16.827
4.77541	-10.5675
5.80253	-15.64
-0.628959	-14.2779
-3.86986	-19.161
-1.50616	-21.7411
-3.01717	-21.4215
-3.1536	-18.1692
-3.20255	-16.4445
-4.35912	-13.1674
-3.91757	-11.8271
-4.99612	-5.74616
-0.0130214	-6.51288
2.54038	1.06035
-16.7641	-14.0786
-7.53487	3.35549
-4.0726	-6.73014
-10.3373	-2.45571
-7.38648	-2.28977
2.94774	-2.63797
-2.0472	-5.85608
-6.41241	-13.1221
-9.6988	-13.381
0.51753	-3.89119
-8.92377	-10.0992
-10.5172	-8.58549
-11.2754	-11.1818
-10.3171	-7.20953
1.15109	-2.88071
2.06872	-8.71449
3.52705	1.40441
8.84615	2.63691
-1.94989	-5.41022
-5.76835	-8.97747
-17.6793	-10.72
-14.9458	-11.1512
-16.7392	-9.78524
-7.99078	-15.1771
-4.19161	-13.0329
-2.20805	-12.6146
4.14795	-15.3566
5.60886	-7.47953
9.68222	-10.9381
13.3047	-11.1446
4.68019	-10.3824
3.14037	-11.4442
1.54675	-16.0631
0.33893	-19.6186
-0.721484	-19.8386
-0.944572	-19.3105
10.171	-18.3734
11.7144	-16.501
9.72168	-20.8787
13.9668	-14.6763
-1.82095	-10.6923
-5.26651	-10.2166
-8.24222	-8.85522
-10.422	-10.811
-13.8323	-10.5705
-14.988	-14.1464
-12.1115	-11.7991
-13.5017	-15.7581
-12.1633	-9.30667
-9.60092	-17.903
-3.0578	-18.9761
-7.96854	-20.2721
-9.00759	-19.8741
-9.26207	-20.7433
-9.05911	-23.6913
-8.20135	-21.3111
-6.24942	-25.7977
-3.29244	-29.9637
-1.15036	-29.4429
3.37613	-18.014
-9.14159	-22.5203
-10.2483	-16.0408
-8.67799	-17.8445
-5.30455	-14.6352
-8.49524	-13.5047
-1.98702	-17.0674
2.93513	-16.4851
-1.44072	-14.698
0.674142	-9.06525
-2.68811	-8.89955
-3.1723	-13.657
-1.08422	-11.1457
-0.406813	-1.68515
-7.47764	-7.88444
-0.653155	-0.523105
-5.22618	-3.0456
1.43086	-2.32613
-1.02631	0.530224
5.90746	-6.05841
-1.77725	-4.74065
-11.6999	-17.2376
-9.24958	-11.0738
-7.04322	-8.30458
-8.44583	-7.35698
-9.83308	-6.75203
-9.77155	-8.35346
-11.181	-6.35618
4.35749	-12.6351
4.26918	-12.9918
-7.87545	-9.19705
-7.67103	-8.88095
-7.39799	-9.78823
-6.68033	-11.9413
-6.06878	-13.2815
-4.85446	-15.699
-2.14131	-16.9036
3.1237	-18.1972
6.79492	-18.8182
8.1252	-26.6705
6.22937	-29.9083
5.08122	-33.1976
1.52159	-25.7523
-0.937386	-27.6299
-3.18326	-30.3776
-3.69467	-34.2916
-6.08908	-36.0589
-4.24305	-27.1934
-5.12419	-22.6369
-5.53328	-18.0051
-5.40494	-18.2966
-4.33725	-19.1546
-8.02578	-17.9825
-11.4724	-13.595
5.30916	-12.0784
-6.214	-18.4718
-3.80384	-23.4148
-3.1657	-17.819
-2.39043	-15.1793
4.96643	-10.3242
-6.19123	0.458664
-2.81716	-16.9802
-2.9363	-11.0734
2.68494	-11.5355
-18.7825	-0.58414
-14.158	-1.75553
-10.8381	-12.4319
-13.0886	-11.8456
-2.46799	-9.63797
7.25702	-14.1381
7.32242	-14.838
10.0265	-14.607
7.97941	-16.8099
8.75402	-14.7847
5.80558	-3.83663
-13.3336	-17.6982
-7.04094	-0.334417
-4.52752	-3.75677
-4.55088	-3.98472
-6.91153	-5.43654
-14.7626	-9.06983
-1.34357	-7.57321
5.37031	-14.9652
2.87401	-27.5599
3.44744	-30.1264
3.09983	-28.1673
5.02008	-31.0273
6.57125	-31.2354
7.02648	-33.1452
5.8405	-27.1666
3.37687	-29.5542
4.55672	-31.429
4.94074	-31.7488
6.27141	-26.1165
-3.33187	-9.46808
6.07433	-13.406
4.4859	-8.42533
10.0557	-5.57496
9.79736	-10.8019
4.12086	-3.71716
-0.471167	-7.5052
-9.4806	-8.67709
-15.6795	-7.40336
-4.59769	-11.5678
-3.00733	-10.7805
7.83402	0.887442
7.49913	1.97338
-3.05137	-1.62561
-8.90615	-5.46864
-9.13459	-1.35529
-14.6411	-10.7842
-8.22539	-13.6647
-3.9787	-12.3396
2.35753	-11.5579
4.22932	-23.7958
4.9034	-28.6797
6.56144	-26.0061
6.76671	-25.7552
5.6949	-10.4747
8.76675	-4.91721
5.78783	-8.99831
-5.14141	-19.1082
2.96452	-7.61532
1.79375	-11.1746
3.55533	-11.6643
11.9112	-12.909
4.83722	-11.8401
2.65348	-20.3507
-0.651459	-20.1255
-1.56019	-19.9316
-6.36385	-14.0914
-4.05342	-6.85151
-8.57009	-0.949411
-1.99909	-2.76351
-4.48621	2.03886
-3.30619	0.816331
4.16491	-2.33454
-0.862953	-1.93053
4.87936	-1.05955
1.19903	-5.94736
3.12121	1.27641
0.907318	-1.37078
4.04787	-6.3874
-2.00741	-1.70348
2.39144	0.474717
-15.0684	-16.7813
-17.4598	-18.807
-17.8942	-19.1002
-12.7707	-21.5828
-10.0852	-21.5214
-2.6635	-22.2431
4.58509	-18.2611
5.70229	-17.1859
6.83397	-15.436
5.32649	-18.0377
5.78021	-15.7578
6.06842	-14.635
2.43322	-9.90901
10.8018	-3.93304
5.40158	-2.04023
4.2714	-8.96109
4.23532	-5.14987
0.058253	-14.9339
-9.26954	-7.82624
-18.2412	-9.36093
-15.1476	-8.57364
-13.2755	-9.28708
-12.4242	-8.46144
-11.6483	-9.40014
-9.241	-12.8477
-7.99244	-17.4089
-1.48799	-17.5282
0.0043905	-20.694
0.617525	-27.5304
8.38328	-26.8953
5.73496	-12.1007
-1.26686	-11.1804
3.25363	-13.019
3.32727	-12.3798
9.59595	-23.3373
5.9758	-22.9313
9.16028	-21.3784
8.22841	-19.589
6.39259	-17.3889
8.59272	-14.9319
-6.28596	-7.71781
-10.0414	-5.98433
-6.61399	-9.44002
-4.78585	-11.2234
-5.51734	-13.3734
-1.04265	-22.9629
5.79571	-19.6482
5.32822	-24.8949
0.938999	-31.3586
-0.00101765	-28.3098
-0.946214	-28.7294
-0.542366	-28.1109
-1.0074	-30.1703
-1.83672	-33.6305
-1.39601	-33.4731
-0.984397	-33.3038
-1.15579	-32.3177
-1.54157	-31.8988
-2.76125	-24.714
-5.02032	-14.9838
-10.4997	-12.4406
-9.41437	-14.7784
-8.08582	-18.6554
-3.65799	-22.1128
3.00169	-21.4395
-1.97551	-14.0349
2.43042	-14.7092
-10.7972	-12.6418
-3.91144	-17.1675
0.419656	-13.2274
-5.36902	-19.3173
-4.74459	-13.1266
-4.3532	-10.4941
0.356049	-2.39322
-15.605	-15.2633
-17.0626	-11.3315
-9.27625	-12.6651
0.296182	-10.3338
7.70467	-13.5632
8.35225	-18.7582
13.4291	-20.4121
9.93635	-18.6977
11.8071	-22.4676
8.9988	-7.534
-1.53259	-19.5855
-3.53523	-10.748
3.63418	-2.1677
-8.10664	0.164739
-12.968	-6.5822
-11.7859	-7.97005
-14.9031	-6.65901
-16.5868	-9.45459
-16.9386	-8.0742
-18.6821	-4.51144
-15.0922	-10.521
-8.33522	-14.761
-6.98326	-15.3439
0.789268	-16.0503
5.70237	-5.62184
8.17327	-7.28239
7.85566	-8.58826
4.96791	-9.69335
4.3343	-6.37447
-11.1428	-7.99611
-18.6469	1.58309
-16.2134	3.21173
-16.2242	4.36178
-13.1057	1.76337
-14.3906	0.410991
-11.7691	0.922754
-12.0849	-3.75335
-12.2715	-1.34976
-5.519	-10.1605
-3.4879	-17.8053
-2.57042	0.159279
-2.59498	-12.7572
0.206348	-18.4218
0.708367	-9.97673
-2.59768	-18.7371
5.26477	-18.2947
-3.44989	-11.9719
-1.5932	-8.84627
1.54699	-1.21571
5.381	4.78983
-0.938733	-8.37902
2.92832	-8.48795
3.38033	-9.30085
3.16173	1.83006
-1.48846	-6.44462
7.98698	0.329414
-4.11612	-15.7783
-0.754889	-25.6909
0.354733	-27.8685
-0.327446	-29.7953
-2.03864	-30.1778
-1.46954	-29.2257
-2.2332	-28.6879
-3.78707	-30.1297
-5.08308	-28.8471
-4.89723	-28.8633
-2.44321	-30.2137
2.04434	-22.5669
-3.7854	-17.4064
-2.7687	-9.46124
-6.14341	-4.23483
-1.46591	0.695667
-0.392235	-6.82108
0.18709	-20.3682
-1.7807	-27.8982
-1.40137	-31.1046
-2.31403	-32.0068
-3.75303	-32.7453
-2.09809	-32.4694
-0.744945	-30.4073
5.29094	-22.2393
7.76602	-26.7186
8.68941	-28.2575
7.85426	-28.3269
6.07768	-26.296
5.56949	-26.5159
4.65222	-23.4329
4.72937	-18.2564
1.40826	-15.2081
14.6566	-3.73538
4.66201	-6.48089
8.84081	-3.52559
0.416475	-12.5961
-6.4254	-10.976
-11.8164	-7.19011
-14.1113	-9.35915
-17.7252	-9.34626
-19.2032	-7.33137
-23.7822	-13.4887
-17.3277	-18.1452
-12.7999	-6.76967
-4.92626	-12.3859
0.36227	1.73126
-5.60263	-11.8854
-11.45	-6.34683
-5.06301	-17.4685
-4.06815	-2.82562
0.0928828	-8.23618
-13.3745	-7.86626
-3.32865	-4.62576
-13.8086	-10.188
-15.353	-9.26563
-15.9027	-7.17414
-15.0003	-5.38724
-14.6035	-2.57827
-14.8364	1.09651
-15.9277	3.10578
-17.2119	0.964146
-5.02765	-5.34148
4.29435	-4.52908
5.71587	-7.28857
4.99227	-7.79746
-2.29193	-6.48352
-16.3132	-4.09537
-20.5602	-0.449369
-17.9003	-0.674788
-16.9095	-4.5302
-9.93532	-13.0036
-11.1558	-17.001
-4.74655	-19.4956
-2.8661	-16.9649
1.91321	-17.0035
0.547858	-15.4495
-10.6743	-12.2428
-12.4747	-11.9577
-15.773	-13.3752
-19.1571	-16.2056
-19.1233	-13.173
-18.7538	-13.1993
-18.461	-11.3508
-14.922	-5.38546
0.227945	4.28357
-5.62304	-6.38562
-3.3264	-11.3613
-9.13897	-0.870714
-12.9723	-6.5364
-13.6633	-5.10446
-9.46444	-6.12188
-9.60486	-2.17548
-2.51302	-6.48833
5.38277	-8.4773
7.35717	-8.62839
8.42455	-6.63469
5.53851	-6.34921
9.01941	-9.17301
9.33084	-11.1048
9.16646	-6.73309
5.70178	-6.21833
-2.32628	-15.2582
-5.83409	-17.6113
-10.025	-15.5817
-12.3296	-8.84829
-13.6345	-3.04181
-12.783	-2.56624
-11.829	-3.22291
-12.8775	-1.32926
-10.572	-5.07655
-9.9183	-7.11627
-5.02515	-12.4174
1.81609	-13.9279
2.03759	-7.05267
0.370312	-9.49095
0.863896	-9.46066
6.01483	-4.58002
1.6763	-3.52985
7.48921	-5.4621
15.114	2.59116
15.6623	-5.36546
8.21466	-1.74957
6.88018	-7.88422
6.35688	-5.84081
5.97939	0.224843
9.47944	2.79817
3.71102	-3.46718
2.24893	-2.32043
4.07632	-0.761629
6.60105	-2.48305
0.527952	-10.1364
6.24487	0.353393
3.71141	-7.51212
0.00756572	-5.34137
2.95952	-8.72334
-1.79004	-3.22748
1.51072	-4.29079
0.522324	-4.77796
-1.24445	-1.08776
10.0003	-5.09449
-13.5438	-21.8051
-14.4566	-21.3565
-11.1807	-22.5905
-14.147	-19.3183
-13.1269	-15.0151
-4.73564	-15.8642
4.19274	-8.39771
12.9801	-15.645
11.1443	-14.012
1.68096	-5.6504
-1.78864	-7.17428
-3.93255	-6.55025
-5.25983	-6.91423
-7.39305	-6.40558
-7.25588	-6.60906
-7.02378	-6.5037
-3.82422	-8.39529
-8.00437	-0.327103
3.72628	-4.56282
-3.96797	-6.46041
-1.08761	-3.86633
3.68641	-3.95345
-0.634967	-3.62722
-4.78373	-11.0002
-7.16981	-11.0173
-8.57054	-10.6557
-8.3559	-9.40065
-7.26432	-8.51386
-8.41608	-6.63266
-11.1656	-3.10502
-10.6195	-3.7111
-9.95105	-4.09527
-10.6059	-4.96715
-10.5412	-6.95814
-10.0018	-7.7293
-10.5016	-8.31002
-10.8607	-9.82589
-13.0119	-12.1867
-13.6612	-13.7119
-10.7907	-13.7551
-9.47231	-15.8099
-9.12529	-19.3753
-6.63128	-23.5787
-2.53602	-26.3399
0.0780991	-30.0212
2.83497	-33.5157
6.90521	-26.8269
1.43933	-9.14013
-2.73791	-11.8929
-9.52412	-19.6217
-10.4168	-23.7366
-15.2568	-19.8752
-18.2312	-17.9559
-20.4855	-12.918
-18.9005	-8.63627
-22.587	-11.1541
-18.7279	-4.56266
-22.39	-3.62601
-15.5363	-9.0415
-5.25875	-16.1729
2.05067	-6.97675
-0.371471	-9.06544
-6.27171	-10.0724
-8.87624	-15.4626
-16.2025	-17.5875
-21.5782	-10.4413
-20.3303	-11.1019
-23.6739	-9.9657
-21.8205	-10.9519
-16.8684	-10.2226
-12.8588	-9.83249
-6.4565	-12.4561
-3.40005	-18.4123
5.25224	-24.2247
7.58552	-19.7592
11.0167	-27.0192
11.6985	-21.4724
9.85282	-20.5722
8.11698	-25.2334
9.09926	-16.2311
7.77212	-7.96693
-5.23627	-12.7737
-0.297832	-1.42407
-8.69842	-4.98921
1.26423	-8.46392
10.1911	-7.34977
3.24019	-8.16029
1.70493	-11.2987
-4.97	-10.8833
-8.74952	-9.27676
-1.30777	-16.4997
12.769	-22.9804
10.9905	-20.7568
10.9927	-20.5556
10.0761	-19.4701
9.40526	-11.761
10.3242	-17.7386
4.3691	-31.8777
2.21661	-28.6657
0.0509511	-32.4054
2.19614	-31.8108
6.86236	-24.4852
6.12206	-20.5
4.29811	-20.1041
0.456122	-20.4737
-2.54688	-21.8527
-4.93965	-23.3745
-5.95099	-21.1044
-4.56379	-20.7323
-4.69741	-19.9193
-1.98435	-12.5324
3.57079	-6.51346
5.93214	-4.56121
2.80519	-10.7648
3.69151	-10.9022
2.02582	-13.7338
-3.71192	-9.77975
4.95869	4.59558
5.53125	-4.4543
8.36459	-16.2336
-8.61148	-6.16464
-9.15981	-1.7096
0.775562	-9.46714
2.03884	-8.09662
3.67074	-9.01411
3.81584	-10.0016
-0.524692	-5.53547
-10.571	-8.76046
-12.6746	-11.0448
-14.0094	-13.9093
-13.8511	-10.7672
-7.36675	-16.136
-0.302793	-17.1529
-3.1042	-14.6271
-1.68311	-7.64895
-2.59402	-11.1175
-2.59858	-13.9281
2.72874	-18.935
0.957004	-23.0094
-3.47825	-26.0912
-4.91207	-25.5284
-4.3509	-26.3254
-9.34892	-24.6605
-2.82497	-29.187
-2.33823	-29.5652
-0.943174	-28.868
3.91351	-27.0904
1.39869	-30.3655
2.46221	-24.4452
-1.86975	-10.794
4.8928	-16.9423
1.98627	-12.1013
6.82985	-6.14285
-2.77359	-18.62
-3.92262	-11.7777
-4.26625	-11.4861
-7.52904	-11.9951
-12.0015	-11.755
-10.731	-12.3762
-9.88082	-10.7085
-8.88289	-12.3327
-4.92075	-14.0429
-3.9658	-13.5325
2.64058	-3.31824
5.88477	-2.64201
-4.28868	-5.1416
-15.6178	-3.07648
-5.3948	-2.5276
-18.2174	-12.9972
-19.035	-13.0288
-18.9864	-9.93484
-21.4715	-9.73951
-19.2796	-9.60466
-13.4613	-10.1163
1.73026	-20.0691
3.05794	-24.1262
3.05821	-22.5835
1.53444	-18.8528
4.77245	-20.853
3.97272	-23.5484
3.46782	-11.4591
2.10199	-13.8825
-7.94982	-4.29685
1.69938	-5.01345
3.2076	-16.9142
-3.3376	-19.193
-8.52709	-13.7587
-11.2424	-12.7978
-13.0684	-13.4861
-11.2928	-12.1924
-10.7187	-11.8549
-10.5584	-10.9128
-12.7804	-11.5571
-16.7772	-11.3288
-18.6298	-9.53676
-17.338	-10.3935
-20.8142	-8.26712
-16.8221	-11.0062
-19.9322	-12.7316
-12.0564	-14.1795
-13.8238	-14.8924
-6.04936	-16.5442
-2.31532	-16.6229
-0.7772	-16.1916
-1.03895	-15.1655
8.51517	-12.109
-2.66216	-1.71886
-4.65017	-0.318228
-10.18	-12.2901
-9.38515	-4.90124
-13.1282	-8.28791
-7.41782	-9.36844
-10.0617	-3.29018
-10.2947	-6.90491
-17.2405	-8.73519
-7.71422	-13.447
-3.6979	-6.16114
-4.05296	-0.207319
-6.85126	-10.8376
-1.63393	-3.63223
-0.462158	-10.8319
-2.32285	-4.29158
1.42893	-5.76697
-0.322926	-2.68207
-3.96172	4.80315
-2.22869	-5.72551
-1.50383	-1.14469
-0.521347	-2.88458
-2.73159	-0.273908
-2.21982	-7.75546
-3.97635	-5.55626
0.074473	-11.259
1.69636	-4.26816
-2.13388	-11.2203
1.44086	-3.13639
3.1596	-9.36077
-1.00649	-0.230168
-3.29881	-7.17117
-6.71707	-21.3623
-11.0014	-24.0075
-5.6484	-22.3254
-11.4582	-19.2222
-9.31382	-17.2894
-13.0043	-13.9794
-14.2909	-12.4397
-12.7856	-10.2945
-11.7243	-9.42169
-12.2462	-9.68529
-7.32716	-11.3462
-6.02221	-13.1961
-5.82918	-17.6131
-4.08686	-19.3655
-4.09083	-21.7421
-6.83724	-26.9105
-10.8903	-21.5504
-3.57906	-19.1144
-10.7301	-16.6214
-1.97525	-6.09969
-4.75405	-12.0492
-1.05232	-9.16514
-0.50122	-6.36321
-3.62155	-14.1209
-3.20309	-11.5563
-1.19704	-8.07392
-5.04892	-10.0732
1.9493	-2.02246
0.422177	-4.70197
-1.18819	-3.54095
8.54923	0.469525
4.14461	-2.62634
0.767132	-6.77607
-7.27832	-26.4159
-7.74272	-26.5457
-7.14288	-27.0396
-3.0467	-29.1788
-4.29797	-27.8709
-1.85645	-27.7236
-2.36486	-24.4505
-0.5001	-21.2778
1.88818	-15.0586
1.53372	-16.4287
-2.08803	-14.6766
-4.71577	-16.8039
-10.4954	-14.8781
-11.9071	-17.3754
-13.9695	-20.0252
-6.07859	-22.6075
-5.13274	-22.552
-4.14375	-21.8987
-2.60736	-22.4759
1.80594	-29.7654
7.43351	-22.3727
10.1741	-16.8173
-1.25059	-9.85179
-6.70184	-18.8828
3.69981	-7.93655
0.831494	-26.7327
0.372147	-26.5953
-0.455343	-22.7536
0.970041	-22.0286
-1.70989	-18.8331
-6.4713	-18.5497
-2.95148	-23.3336
-1.03287	-25.9189
-0.651136	-31.3946
-0.459162	-35.4945
0.440174	-29.5967
6.18502	-30.8633
3.03006	-26.6192
2.79162	-34.0747
-4.60323	-20.9783
1.68407	-12.1443
-2.31508	-10.7172
-3.49673	-8.02324
-0.61498	-13.3136
0.12148	-6.30021
0.717531	-3.83268
-9.01895	-2.02975
-18.413	-10.6832
-8.64391	-3.51472
-9.32592	-7.91435
-11.9136	-11.1734
-10.5658	-7.96511
-10.0305	-5.99879
-5.73471	-9.66949
-15.0304	-1.79703
-12.0852	-7.79613
-14.6264	1.22606
-14.8792	0.132198
-21.2036	-9.91311
-12.6406	0.275864
-7.47689	-1.77397
-7.79191	-3.4272
-9.7892	-10.849
-10.1573	-7.6053
-3.0669	-13.3178
-6.57912	1.24
0.608742	-9.99536
-5.94291	-1.48173
-3.15355	-0.76102
0.19458	-5.32895
1.42033	-3.84128
0.94374	-6.15759
2.94348	-0.414803
2.12822	-2.55461
-0.127998	0.0621005
-0.914847	-3.39498
2.83535	-5.20426
-1.71677	-7.03707
1.91456	-0.359704
4.15819	1.75639
2.4776	-4.45859
5.39782	2.80077
8.12517	-0.0733635
-2.11909	-27.5235
-3.68923	-30.4509
0.492195	-28.3009
-0.284086	-26.5869
2.36807	-32.0911
4.02496	-29.6635
-0.544403	-25.3148
1.97875	-20.378
3.23578	-14.7784
-1.57669	-15.7564
1.20835	-19.2584
3.73352	-16.2378
0.0917118	-12.3314
-0.678872	-13.057
1.56627	-14.8533
-0.459738	-14.3441
-2.32382	-11.9248
-7.04806	-14.3443
-10.1181	-6.97953
-10.7168	-3.10654
-10.0778	-1.81527
-9.91971	-3.1533
-9.67821	-3.73797
-2.01388	-2.7118
6.69881	-16.3307
8.81175	-16.2214
10.871	-20.7395
11.516	-26.4179
13.0744	-22.537
10.5646	-21.326
-4.7671	-10.0218
-8.18543	-14.7079
-8.57904	-17.5461
-8.9709	-17.3115
-6.30649	-16.3337
-2.90889	-14.2241
-4.38805	-11.3736
-5.06867	-3.77405
-2.11529	-3.80538
-3.44714	-1.26988
7.58955	-3.79112
8.06226	-13.2977
9.55572	-10.5265
6.37186	-13.3264
5.13562	-15.3512
2.85156	-18.1942
-2.71008	-17.4905
-2.46516	-15.527
-0.551712	-16.7141
-1.40186	-14.0148
-3.6175	-1.26229
-1.34112	-6.78884
-1.63715	-6.49892
2.8561	-12.7577
6.03477	-13.5945
10.3904	-13.8935
5.48629	-16.6661
1.52081	-16.5916
-1.93421	-20.0495
-3.80056	-20.7884
-4.71111	-21.7848
-5.00032	-25.3815
-3.15459	-25.6588
2.27012	-25.3722
5.68726	-22.577
-0.0858951	-8.71611
-7.99037	-15.1
-8.7972	-13.3118
-8.46801	-9.23137
-5.84215	-6.39225
-9.2865	-8.97509
-11.5486	-15.0218
-7.72958	-16.0151
-1.73283	-20.7646
5.51884	-25.1507
11.0831	-18.2974
-1.25888	-8.62996
-3.34385	-18.0578
0.57096	-14.4112
6.55814	-10.9215
2.42846	-19.983
-3.50443	-15.1315
-5.36537	-9.55922
-9.2751	-6.25848
7.06183	-5.54223
7.45865	-5.36272
0.576661	-2.35392
-2.05255	-3.75187
-16.6654	-2.91812
-18.5082	3.73155
-19.7895	5.7053
-16.3941	6.66937
-20.3184	8.31003
-18.05	7.82435
-21.2622	5.62945
-20.6696	8.36452
-19.4235	1.05457
-20.8992	1.9922
-12.767	-0.556989
-15.2536	1.83355
-3.44891	1.03611
-0.0248688	-6.12062
5.28657	-8.74976
0.142309	-6.87724
-2.93132	-4.20678
-4.28833	-7.316
-9.0092	-5.53364
-10.4488	-9.24356
-4.92742	-12.5869
-8.5492	-11.8467
-9.35232	-5.38679
-8.39058	-5.22059
-9.87841	-5.15903
-10.8262	-2.1469
-4.54954	3.15859
-1.88765	4.8668
-1.33793	16.3058
5.09622	7.67801
-0.936855	0.838807
-2.58976	-2.55639
0.465952	-4.00288
-1.40568	-5.5273
-4.26358	-15.217
-1.89605	-6.40744
0.0739838	-4.61923
-1.02116	-7.23972
2.07587	-4.22233
-1.03051	-5.95711
-4.36907	-5.18581
-0.118912	-5.91686
-4.54587	-3.60373
-2.13636	-1.52247
-3.66518	2.31571
3.92628	-3.13982
-3.43406	-3.32483
2.2486	3.20018
-6.66078	-5.55176
-15.297	-2.62024
-12.1484	-3.29165
-13.6748	-4.80028
-10.367	-9.05052
-12.6383	-6.79796
-8.20509	-9.41293
-4.82114	-11.2062
-2.39638	-14.5361
1.35478	-10.871
2.46047	1.76672
-0.985569	-15.5993
-3.06771	-13.4026
-3.03494	-12.9522
-1.3872	-11.1321
1.05629	-8.41226
2.54837	1.7385
-5.69405	-17.2026
2.29798	-18.4575
11.6929	-11.4347
13.7544	-19.472
5.13188	-26.6512
-2.85415	-26.4271
-3.41166	-25.5213
-2.49456	-26.5557
-2.05209	-27.2851
-0.175375	-27.8624
2.69787	-27.9876
2.28283	-18.6269
5.31078	-13.3953
-0.0749354	-4.13921
-7.55616	-16.1114
-5.09444	-7.72988
-4.58649	-8.55037
-0.305378	-11.7435
-6.47983	-11.6923
-10.5237	-21.1858
-2.46054	-16.7611
3.10057	-13.5191
5.67698	-13.0575
5.25442	-6.81283
6.00225	-5.04363
0.854596	-18.6078
-10.5996	-11.7895
-12.2009	-10.0341
-14.2142	-9.89193
-15.6554	-8.28144
-18.8102	-9.29881
-8.17719	-14.4589
-3.5361	-16.2489
-4.98126	-10.8011
-1.2833	-6.50986
2.46768	-1.0878
-6.98065	-5.27438
-7.6426	-12.0158
0.959883	-5.89794
-7.45277	-9.64189
6.24365	-10.7791
-1.2295	-8.75667
-10.637	-13.3941
-2.37905	-6.71947
1.20777	-16.5134
4.79588	-19.5519
8.75606	-10.732
2.24605	-21.5965
-3.20828	-20.7976
-1.47604	-23.6132
-2.88272	-22.9221
-2.98897	-21.5213
-2.82463	-19.552
-1.63165	-15.301
-3.9826	-11.4568
-6.70685	-10.452
-7.74274	-10.8537
-11.2424	-12.5225
-12.5979	-12.6341
-11.2721	-13.9305
-11.7421	-13.4646
-9.4071	-15.2358
-9.18024	-14.1293
-11.4301	-12.5234
-7.60359	-7.64083
-5.29246	-13.7651
-2.44119	-6.91163
-2.35961	-15.1945
-7.4568	-14.26
-9.75974	-13.7738
-14.578	-7.92818
-15.7692	-5.12168
-18.5018	-2.47645
-16.2796	-7.23535
-15.651	-9.33747
-12.3499	-12.4528
-7.70744	-15.0512
0.424074	-16.362
4.44973	-11.8025
1.47815	-3.69109
9.21816	-3.67987
-0.187285	-5.3639
-0.088951	-6.12727
-0.561803	-9.31679
0.00781594	-13.7758
1.09758	-17.577
-1.43074	-20.8879
-1.68307	-20.7948
-4.58121	-23.2933
-3.4536	-19.788
1.62641	-21.6901
-0.838725	-14.2844
-1.15741	-1.38314
-8.1172	-12.8942
-9.10689	-13.4386
-6.3475	-8.05791
-2.66129	-11.8449
-3.16857	-13.696
-10.6603	-7.26567
-18.6337	-5.32116
-11.1877	-14.4845
-13.2193	-8.88824
-6.87229	-14.7734
3.38324	-11.6552
-1.01658	-8.73618
-2.04231	-2.3331
-3.45399	1.37217
-10.9833	-9.2072
-13.7538	-13.5036
-15.4399	-17.8246
-12.6674	-18.2705
-18.8452	-19.8183
-17.1033	-12.997
-17.4391	-9.64092
-13.2763	-9.22113
-16.2093	-9.01832
-9.48913	-12.8195
-9.58924	-13.2059
-4.77129	-21.8311
3.59039	-19.3379
0.539848	-18.3878
-5.04907	-21.5082
-1.10327	-25.4077
-2.12427	-24.9183
-2.66264	-25.9933
-2.93117	-26.3682
-1.20154	-26.2735
0.0150334	-25.2373
1.09475	-21.5586
4.92182	-18.737
0.376736	-8.0462
-2.74257	-9.76245
-7.88259	-21.4412
1.25064	-9.85207
-8.0248	-15.4715
-10.7544	-12.4124
-10.597	-18.8734
-1.62518	-13.799
-4.6607	-19.4597
-3.75204	-8.70892
1.30039	-14.8881
-1.84067	-4.24014
0.163591	-7.88203
2.33012	-10.1587
0.631313	-14.171
1.11066	-6.20365
-7.42157	-9.95341
-5.74184	-10.3859
-8.46234	-17.1388
-3.93959	-10.4224
-12.4084	-14.654
-8.66307	-6.26942
-21.5258	-6.91172
-9.32949	-3.48008
-11.5297	-7.08719
-15.2864	0.557011
-10.1536	-10.2325
-9.58658	1.7219
-8.48659	-5.25795
-6.73535	1.76039
-13.9326	-10.6221
-11.5805	-8.73686
-6.18948	-8.37444
-10.4787	-14.1407
0.473853	3.7646
-9.62468	-12.6986
-10.5927	-12.5115
-15.2465	-13.3627
-12.0174	-17.5715
-14.2414	-12.7578
-17.0128	-15.6794
-11.3852	-17.6514
-12.6733	-16.4802
-8.12505	-15.7856
-8.01748	-11.7536
-10.1644	-15.1414
-5.02132	-17.3288
1.5788	-17.4619
6.65996	-12.0291
6.43794	-15.9151
-0.0804198	-23.8412
-2.22237	-18.6515
-2.65237	-17.6382
-2.56296	-17.0145
-3.60432	-13.827
-4.08027	-11.7672
-5.3091	-9.61104
-7.89263	-9.32843
-11.1668	-2.97999
-14.0909	-7.50893
-14.1475	-3.87773
-16.3931	-8.52924
-16.1115	-8.80135
-6.36315	-11.7742
-7.11946	-11.9461
-5.61551	-16.1156
-2.6625	-14.3082
-2.45308	-9.68796
0.0461354	-15.6847
-1.44158	-2.03186
-7.73579	-9.88375
-15.1741	-6.65828
-11.0493	-7.50246
-13.6274	-6.80605
-10.8691	-10.7137
-15.9364	-5.44715
-11.093	-6.8434
-9.66004	-6.07333
-12.4248	-4.83176
-8.48354	2.89912
12.0239	-14.212
11.008	-15.3037
10.8074	-14.8705
13.0829	-18.1437
10.7989	-18.5402
13.9244	-17.0376
5.67332	-15.489
4.60188	-7.33228
9.54215	-3.6122
-8.46164	-16.3794
-8.85459	-14.4134
-6.89773	-18.6474
4.56322	-8.44802
-0.341667	-17.8547
-6.42802	-18.6829
-7.86653	-12.1327
-13.973	-9.54764
-12.957	-7.25908
-12.6793	-9.39319
-14.2976	-9.03917
-12.132	-8.93168
-16.7407	-9.03744
-17.5848	-5.04711
-17.5598	-8.21631
-18.2625	-9.71325
-16.0549	-8.57083
-16.3409	-12.7843
-17.1768	-10.2756
-18.7596	-8.72083
-17.297	-9.59887
-12.1705	-9.60683
-11.6031	-6.13207
-11.0153	-6.35204
-11.2369	-3.69388
-10.1709	-2.25141
-12.8049	2.54621
-9.03366	1.39077
-8.40635	-2.67967
-8.29396	2.55642
-7.05929	4.85129
-3.75353	1.77796
-1.57343	2.43332
6.50102	-4.95286
4.84189	5.34337
7.43693	-1.81303
-0.671621	0.0291059
1.92231	-4.56731
-1.29081	-7.43549
-1.07082	-3.91537
3.4748	-3.07041
0.894476	-3.67842
0.596217	-7.22673
4.06996	-6.08093
6.67739	-3.75251
4.77266	4.43968
3.56855	-3.45574
-0.568535	-5.26185
8.81359	-1.64547
8.03571	-24.4525
6.58384	-8.55022
7.54401	-21.4738
8.72289	-26.0996
8.61096	-20.3013
5.3694	-24.3852
4.61363	-24.3533
5.28899	-27.1492
9.49789	-21.7972
2.11732	-21.3007
-3.62113	-19.7069
-6.64411	-20.502
-7.52663	-18.856
-6.69407	-19.3159
-4.47113	-18.7104
-1.94141	-19.0513
0.210763	-14.6228
0.28862	-14.4328
-4.51719	-7.78767
3.74237	-0.63545
10.4396	2.87648
3.46811	-7.08279
11.5527	2.2088
3.2815	-0.576149
8.9436	1.48405
7.59552	-30.2347
3.75438	-32.5841
0.500653	-31.2063
-1.18191	-30.8429
-0.939674	-27.5571
-0.287056	-23.7162
-5.55669	-17.4562
-0.737881	3.97164
-7.7554	-1.05205
-6.22208	-7.99891
-4.44643	-6.0647
-0.321808	0.515218
-1.81336	-6.87994
5.97159	-8.03263
-2.40875	-10.2023
4.37376	-4.97409
-4.97542	-7.96801
-11.222	-13.2035
-8.94597	-13.6266
-2.04716	-16.5165
8.14357	-8.09982
12.148	-4.67168
1.68805	-19.8471
-5.31136	-13.8613
-7.41893	-11.2861
-7.63793	-14.0525
-4.27597	-10.841
-3.04027	-8.94327
0.702168	-3.3582
5.28389	-6.97144
5.3353	-6.38451
7.43177	-4.15029
0.132879	-18.3235
-10.871	-5.27133
-0.846231	-12.7736
4.06703	-30.594
3.69535	-28.9421
5.26938	-32.6562
4.09019	-24.9043
3.41187	-20.8345
2.70917	-24.8521
2.76687	-22.0335
1.81749	-24.7834
3.19736	-22.9284
0.665692	-19.2889
0.18482	-17.0369
1.79788	-16.0531
5.27707	-17.2888
6.21108	-13.2777
7.22632	-11.1977
1.48566	-11.4452
5.94473	-11.1704
9.70967	-8.44441
0.604165	-5.10142
-4.86289	-2.47295
-0.336002	0.16106
-3.11642	0.670054
0.545545	-10.395
-3.98073	-13.255
-6.55279	-10.317
-10.8521	-11.0315
-11.7145	-9.63527
-13.2407	-8.64294
-13.4845	-9.06303
-13.1277	-10.2392
-14.6388	-9.73493
-16.0102	-9.47019
-12.2153	-13.4103
-6.91575	-13.4628
-4.98036	-11.4233
-2.99118	-13.1857
-6.45402	-1.82357
-6.8429	2.21521
-4.79358	-2.16968
-5.24864	-0.764683
-3.81617	-6.89412
4.88902	-7.57259
7.50599	-9.11099
2.54116	-4.45494
-3.42132	-1.93802
-8.31361	-1.00183
-12.0654	-2.01877
-10.8952	-3.5487
-11.4148	-5.17662
-4.94001	-7.8035
-1.57971	-3.93307
5.37191	0.0498282
-7.23832	5.48854
-9.1433	-4.3351
0.379747	2.17466
-4.43921	-7.10558
-0.0584795	-2.9656
-3.43967	-7.46708
-5.46285	-8.0689
-4.73821	-4.51292
-10.0366	-5.46698
-2.9438	-1.59427
-5.7299	-11.9721
-7.99034	-12.5348
-6.68133	-11.0749
-2.66182	-8.5415
-0.681529	-5.37704
1.12894	2.08691
-7.51913	-12.6532
-17.303	-4.53484
-10.1039	-5.49832
-12.6689	-13.3151
-9.98859	-13.0649
-12.6405	-10.1418
-12.3017	-8.98292
-6.40595	-6.49351
-7.01013	-11.3603
-7.31961	-14.9532
-9.59027	-15.8906
-8.3955	-13.1442
3.26903	-16.6163
-4.6306	-15.2442
-6.26263	-14.6827
-7.12071	-11.9558
-8.64054	-10.0956
-8.91499	-11.8429
-10.1368	-13.1495
-10.441	-15.3049
-9.4341	-16.9908
-7.80725	-17.2625
-6.14981	-20.7528
-8.38483	-21.6785
-8.92358	-26.3343
-7.30294	-27.8697
-6.07837	-32.3308
-3.46902	-35.5755
-3.50987	-30.7948
-4.55161	-36.2103
-1.19251	-31.9054
-3.10229	-32.7451
-0.228332	-37.5317
2.856	-32.6047
0.36822	-25.1611
6.73845	-14.6709
2.85209	-16.6489
-1.54522	-10.091
-7.74226	-17.4914
-12.5383	-15.2632
-8.99225	-5.12003
-6.88049	-4.51483
-4.92179	-12.8969
-12.3848	-14.1567
-6.71407	-6.36364
-13.0957	-5.80176
-9.69324	-9.52518
-4.35374	-5.64156
-10.8283	-5.89406
-10.9158	-4.63609
-8.80814	-11.0355
0.264937	-11.0316
-2.153	-4.64859
6.62695	0.232761
2.93636	-5.60359
-0.768127	-7.86562
-0.0714191	-1.13108
-2.21712	-3.47646
-1.02739	-1.71667
-2.24727	-6.0327
-10.0073	-11.1752
-10.673	-5.65844
-11.5102	-16.171
-8.66722	-13.4087
-7.00307	-16.6044
1.07128	-18.4943
-4.79643	-10.7513
-5.88878	-13.111
-1.56874	6.5087
-7.26771	0.968934
-8.15509	-9.16795
1.90093	-13.886
10.2645	-8.52684
11.9588	-14.1973
11.4068	-17.3102
13.3221	-17.8901
5.79747	-15.1825
4.98971	-19.543
0.872564	-20.9985
-1.58279	-22.8621
-2.75679	-21.5899
-2.58016	-18.2067
2.16607	-14.766
5.51882	-18.8664
4.16729	-19.0895
3.27657	-14.6683
0.923318	-7.0307
-2.88388	-4.36975
-8.28119	-6.9052
-3.27273	-16.84
0.6904	-22.1159
-1.56394	-25.3891
-1.78912	-23.7379
-0.186268	-25.2964
0.133885	-20.2653
-1.39742	-10.4617
-3.87644	-5.9627
-5.63706	-13.6301
-4.86177	-6.02369
-4.70616	-12.3578
2.09805	-3.97274
-4.57055	-6.68616
0.148081	-16.1523
7.25125	-12.1809
9.93836	-16.2935
-2.87365	-20.0975
-5.35497	-19.6503
-4.69063	-18.1305
-1.89987	-22.6577
2.27978	-20.4962
-1.96573	-20.351
-0.152153	-16.3713
4.99451	-2.95228
4.49105	-7.10298
3.06453	-6.74953
-1.18569	-9.64181
0.209234	-21.6372
1.61862	-25.3105
-0.0827344	-26.3305
-0.272878	-28.5434
0.669308	-31.132
6.44246	-29.3945
5.58366	-20.9139
6.98402	-10.1258
5.91827	-10.4683
1.6792	-12.0599
-11.8448	-6.71061
-5.44917	-13.2406
-9.20051	-21.2414
-9.80778	-20.3633
-9.96852	-16.6795
-7.69475	-18.141
5.67848	-21.1894
-3.42115	-15.3379
-5.80824	-7.02494
-6.60496	-5.19171
-6.90886	-4.40584
-6.60108	-6.15729
-7.52354	-3.07664
2.52883	-5.41613
4.14147	-0.603415
0.732518	-2.69316
-1.41386	-9.53911
-14.2787	-9.50719
-5.92986	-12.8511
-6.09636	-16.0207
-7.19467	-14.2919
-3.18082	-14.4822
5.45344	-4.79087
1.2539	-7.50194
-1.88436	-15.6037
-7.62268	-14.7761
-12.0495	-17.7426
-12.3463	-9.36281
-17.5756	-7.93117
-18.3019	-6.70923
-19.9694	-6.49097
-15.4003	-1.97688
-13.5532	-3.43309
-14.34	-3.58327
-12.0959	-8.24539
-12.0282	-8.76791
-10.7377	-11.3481
-6.96704	-8.16591
-9.69964	-12.9128
-8.35647	-10.729
-1.98792	-14.9627
-2.71519	-11.4354
-0.298287	-16.1382
-2.35093	-12.1791
2.23982	-10.7745
0.126586	-5.65397
-1.28264	-8.54636
5.07607	0.898492
-1.17108	-3.42923
0.871794	-5.72323
-0.508382	-5.83932
0.945446	-14.3897
-0.599138	-11.8677
-11.8606	-25.1512
-11.1955	-29.4025
-8.02461	-24.6136
-10.042	-24.5971
-14.6446	-19.0486
-10.5762	-16.5844
-1.16249	-16.5831
8.90071	-14.5658
9.7848	-15.7862
9.0793	-15.2988
0.448708	-11.4233
-1.83406	-10.0618
-1.00946	-12.2774
-0.734247	-12.7991
-0.258628	-13.2003
-1.27455	-12.7579
-1.1636	-14.24
0.127946	-17.3462
0.199238	-19.2194
1.04875	-21.7606
1.41575	-21.1983
3.34993	-19.7942
-2.1824	-17.9263
-3.96882	-19.592
-5.29555	-18.6559
-5.63085	-17.8079
-6.62443	-19.2562
-5.54894	-19.4826
-4.87438	-15.7019
-6.81878	-15.4199
-5.3743	-15.8555
-6.35344	-14.4091
-5.39617	-18.0206
-3.96634	-19.1292
-3.68834	-22.4808
-2.95744	-23.779
-1.65686	-24.4855
2.02425	-21.036
2.87945	-24.4567
2.14167	-21.4517
3.61028	-22.7695
-3.09016	-24.9268
-4.41639	-24.0934
-9.59412	-26.1314
-7.2612	-24.0052
-6.29598	-19.0221
-7.73492	-15.5756
-9.31628	-14.5966
-10.3469	-14.7541
-10.4055	-13.9319
-10.8225	-12.964
-8.41064	-13.556
-8.4756	-11.426
-4.89207	-11.4175
-7.33239	-13.0117
-7.84361	-14.6735
-7.9649	-15.4284
-9.11299	-14.9505
-8.59937	-15.4177
-6.89353	-15.8857
-6.06016	-15.4643
-6.14158	-14.3962
-4.59785	-13.9095
-5.08906	-8.78029
-9.43716	-6.75044
-13.2449	-9.49974
-10.6162	-3.69928
-5.32808	-5.85744
-8.57294	-2.1382
-8.94855	-13.1881
-9.2815	-4.74202
-4.90612	-13.5588
-2.09817	-13.809
0.90255	-14.3476
-0.585333	-4.53828
-3.89417	-10.788
-1.32442	-5.96211
-0.509338	-9.03979
2.53922	-3.63173
1.73548	-4.63528
1.19037	-6.67192
0.559175	-3.74514
0.969429	-3.65675
6.03818	-2.56176
9.82845	-12.601
10.5182	-8.86455
6.96641	-6.09866
6.75084	-5.4559
9.36846	-9.7132
7.74087	-3.90873
9.11676	-5.02223
9.79137	-6.38454
-7.68445	-3.95892
-5.38159	-2.51248
-2.5925	-4.93767
0.987568	-11.5883
2.86741	-9.90175
15.158	-9.88563
10.9458	-16.4718
7.88378	-18.1628
8.66581	-15.2348
9.01618	-9.97388
6.27145	-13.3652
9.96296	-12.2138
2.39601	-12.5478
-3.93014	8.96875
-9.72907	-14.2721
-3.29607	-15.5334
-3.50361	-15.4394
-8.03864	-14.432
-9.89822	-13.663
-7.24183	-13.774
-7.72559	-13.5004
-7.20694	-12.7806
-7.42981	-12.0983
-8.95866	-10.8291
-9.73636	-11.0686
-11.2293	-11.3344
-6.27754	-16.8938
-7.69211	-16.5427
-9.26877	-15.5432
-15.2723	-11.2424
-14.694	-7.81571
-17.3964	-4.28573
-13.6776	-9.35885
-17.688	-8.72875
-16.1477	-9.00039
-16.1723	-11.208
-10.4381	-7.81737
-10.1229	-7.19259
-10.7646	-14.1964
-12.8666	-17.1662
-6.43845	-19.3696
4.51817	-12.9424
-5.99309	-19.397
-14.8841	-16.4518
-13.9325	-10.0151
-13.041	-13.5872
-12.0781	-11.7822
-13.1229	-10.881
-10.5811	-17.4538
-9.15079	-12.2318
-10.1901	-10.8116
-4.83187	-10.6273
-3.48061	-10.0913
-10.3972	-2.21381
-10.9735	0.58527
-11.3287	-1.6179
-3.26375	-4.02112
-10.5874	-12.6385
-6.63487	-8.08733
-9.71461	-6.47034
-9.70614	-6.31439
-9.47213	1.61855
-3.98346	-0.0568142
-4.33604	1.48632
-2.84218	2.10992
0.291287	2.16806
6.08915	3.20268
7.27538	1.88455
5.50782	3.89309
2.32991	0.00379181
5.17861	-2.79738
-0.85986	-2.63666
1.31193	3.55863
-1.70724	-7.33768
1.66394	-7.71399
1.61245	-6.2854
2.64902	3.41987
4.15829	1.446
5.85157	1.59356
2.27599	-4.59515
3.42553	-2.61525
-2.3547	-4.59595
3.60206	-9.29694
0.791402	-3.83918
5.6997	-8.17835
3.80761	-1.34533
-12.2092	-14.6392
-18.4128	-12.6653
-10.7497	-13.8928
-10.2281	-4.73246
-10.1125	-2.92076
-10.2958	-2.34243
-4.80599	-11.7796
-2.52844	-3.82512
-5.47338	-6.98871
-6.39489	-6.88508
-3.92672	-8.00138
-3.38069	-13.1346
1.22913	-17.6468
2.55148	-20.2188
5.34027	-19.0924
6.26654	-13.8737
9.65565	-9.49525
6.9402	-6.6077
6.38015	-14.2576
1.77008	-19.3076
8.42636	-29.2592
1.98482	-34.7851
-2.24188	-34.2946
-3.0134	-31.874
-2.14262	-28.9172
1.31401	-24.6478
-0.653074	-17.5271
1.66796	-12.4185
-1.71907	-4.30202
-6.55881	-8.71662
-7.90563	-1.21599
-3.21167	-7.44177
1.74101	-3.18526
-9.48245	-16.8371
-4.84383	-15.3707
-7.57903	-12.5673
-6.10943	-11.4117
-4.83373	-10.1254
-6.54772	-17.2599
-7.27212	-16.6261
-7.01782	-14.776
-5.74174	-14.215
-7.70944	-13.1818
1.97596	-10.6935
-9.81985	-13.9182
-7.82182	-15.5009
-1.44817	-19.3993
-8.63882	-14.4088
-9.56241	-15.4272
-10.029	-12.1497
-8.88862	-8.24792
-9.04805	-7.06593
-3.71139	-6.26531
8.61991	-17.4853
6.66446	-17.0693
11.5538	-20.0669
9.80455	-17.8884
8.44285	-19.2963
7.18756	-19.5886
7.80957	-17.6337
6.63186	-20.0579
1.32216	-23.8955
2.14136	-25.3692
2.4493	-25.9407
3.3355	-28.3233
2.8373	-27.3638
7.99945	-27.7987
6.0229	-10.8548
-4.68195	-2.63569
-8.71811	-8.69422
-6.57873	-2.45083
-13.0389	-19.7146
-8.86906	-9.19679
-9.61599	-21.5221
-10.4249	-6.72237
-8.66658	-13.31
-8.65779	-14.6083
-6.34134	-21.0274
2.45087	-13.5165
7.32321	-21.5219
11.2988	-32.8715
10.6559	-31.2198
9.07375	-29.4629
8.46459	-32.8467
5.04429	-28.8231
1.28589	-22.3184
-0.492581	-18.472
-3.04094	-16.9963
-5.57996	-15.9679
-8.13068	-11.9351
-9.84105	-11.3804
-11.3607	-7.95506
-10.4503	-11.3403
-10.8392	-11.1318
-11.722	-8.30651
-14.4773	-4.04174
-10.2092	-2.8582
-4.30843	-4.27385
-9.93094	-11.0552
2.26579	-8.15236
-1.06618	-10.8127
-4.89427	-8.22689
-5.55687	-4.95868
-2.67414	-5.26698
-1.39752	-13.7013
-1.7937	-7.38057
-2.42286	-7.55841
-1.3836	-1.19063
-2.55432	-9.24631
-0.0242934	-5.10491
-3.15574	-1.18446
3.0621	-4.21933
1.57195	-12.7992
-8.53827	-10.9216
2.95424	-4.26137
-0.649059	-7.11206
5.5773	-7.61018
-0.042923	-5.36156
-4.21333	-3.59307
-5.2053	-10.9419
-2.28863	-4.76105
-3.69984	-11.6857
1.08224	-2.52548
-5.76827	-14.8413
-1.80975	-14.407
-1.86186	-10.3742
6.57138	-9.98579
7.05828	-27.2412
3.74844	-27.6319
2.70575	-30.8382
-0.954374	-28.0752
-1.50799	-24.1317
-2.09631	-22.7011
7.87832	-16.5346
8.41382	-19.5477
4.90969	-20.0244
1.91151	-11.0839
-8.42856	-13.3227
-7.36585	-18.0041
-10.6073	-19.5682
-7.23017	-17.3547
-6.91103	-12.2338
-7.49625	-8.15158
1.0035	0.0943479
-7.20761	-6.46392
-12.3174	-12.4229
-10.3666	-9.40868
-13.5961	-11.2579
-12.4062	-13.8241
-15.9308	-12.457
-11.8812	-9.31733
3.46514	-0.870558
-2.60272	-15.5902
-0.994007	-15.3089
-2.52909	-16.5637
-9.26362	-14.2682
-16.2993	-8.7409
-15.8047	-10.985
-13.6034	-15.9955
-14.303	-13.2623
-13.6817	-11.7925
-9.62434	-7.80158
-8.37431	-8.89196
7.43656	-9.58301
6.40024	-14.494
9.10314	-19.0396
14.282	-17.1437
7.0451	-16.9766
8.89225	-9.74488
-3.34475	2.80159
0.429792	0.159377
3.57217	-1.25717
5.07413	-1.46947
1.57443	-7.97479
-0.325116	-10.8339
-3.35928	-9.34176
-4.41246	-14.2477
-5.10018	-14.6613
-8.3692	-15.3308
-15.3819	-13.6527
-14.8904	-12.2017
-13.8036	-9.67159
-14.2835	-10.827
-11.4415	-14.1145
-9.3056	-16.7863
-7.15771	-18.8369
-1.02113	-22.2545
0.201794	-15.8556
-2.51109	-15.1779
-5.96041	-14.2304
-5.26348	-10.5219
2.4053	-8.84527
6.46535	-5.81871
-6.13458	-16.0558
-6.82661	-14.7241
-10.1964	-6.74848
-5.59722	-7.86064
-10.7809	-9.01135
-5.72387	-2.87873
-5.58098	-14.3789
-7.82973	-9.61364
-12.7577	-13.0688
-9.62386	-17.1743
-8.46493	-11.5069
-0.790704	-9.10689
3.91228	-9.08118
10.1156	-2.37407
4.75797	-12.1194
0.28337	-7.78022
3.24296	-16.3858
10.7291	-10.5224
17.6086	-16.0924
14.6564	-32.5482
3.43643	-29.125
0.55417	-23.966
-1.89291	-30.5735
-0.551022	-32.1899
-3.29705	-37.1111
-4.28507	-29.678
-7.13052	-32.3573
-7.09929	-20.4009
-9.29079	-21.1007
-10.8987	-16.8214
-11.9424	-17.3321
-10.9677	-14.2065
-11.1302	-18.4858
-10.9219	-22.1169
-3.65644	-21.9643
3.32027	-10.8413
-0.994023	-15.8167
-0.310351	-28.1441
-4.43905	-31.6109
-1.65437	-31.96
-4.26211	-26.541
0.45055	-32.4517
-2.76677	-36.6022
-4.31981	-28.4989
1.01981	-24.7729
-0.839453	-23.5441
4.18226	-16.4316
1.78591	-13.6936
0.962143	-8.48146
2.0203	-4.91899
4.8435	-6.27129
5.84918	-0.773403
9.39688	3.65981
6.81052	1.42139
2.21154	-2.53756
12.4974	-3.00733
-0.262723	-8.80287
-1.01014	3.66987
-1.74483	-9.73167
-0.674301	-10.6379
4.21766	-0.00663516
-7.11424	2.78491
-19.8201	-5.60116
-13.9879	-0.906429
-9.49617	-6.89757
-12.7338	-6.59107
-10.8232	-5.43998
-12.3931	-3.91255
-13.1024	-5.71441
-4.67781	-5.06669
-13.3437	-12.5203
-0.59271	-8.67144
-6.03831	-13.5033
-8.02268	-12.8933
-7.21735	-10.5201
-5.67718	-10.9476
0.272689	-13.7182
6.73543	-15.4954
4.69985	-12.4827
2.87269	-9.13006
-4.50127	-3.47784
-8.31953	-4.94392
-9.15506	-7.55848
-10.2701	-8.51873
-10.2012	-10.674
-6.9188	-16.062
-8.88521	-17.2073
-8.00586	-19.0569
-10.4446	-16.4187
-15.3716	-10.1326
-20.0732	-6.23638
-16.9609	-5.90689
-15.8029	-4.69745
-18.0021	-5.3806
-17.9304	-10.3585
-24.0072	-12.7059
-27.3117	-20.8856
-22.9037	-22.4121
-19.2637	-20.9988
-24.568	-20.6911
-24.2218	-21.8966
-24.0243	-22.8694
-23.1834	-19.3089
-24.1709	-17.5216
-22.9667	-13.5923
-20.6052	-11.6647
-16.2396	-9.08644
-14.7359	-9.15546
-12.2365	-8.81346
-7.91405	-13.779
-5.55755	-20.0594
-4.87418	-27.135
-2.44745	-30.6566
-3.45284	-35.1676
-1.28422	-32.9309
-0.630146	-32.1585
-3.32847	-30.2132
-0.821317	-33.2232
5.86336	-32.8779
5.52034	-30.4413
-0.293124	-16.7246
-1.6962	-17.9115
-3.41505	-12.9522
-3.53937	-14.7379
-0.387488	-16.1651
-0.683084	-16.7694
-2.83207	-15.8767
-3.67548	-10.4612
-2.99696	-10.9335
-1.59156	-9.68462
2.37433	-8.27316
-4.54299	-16.7779
-9.81111	-13.7823
-2.40621	-7.69178
-13.5781	-12.6368
-9.83738	-9.62009
-4.55922	-10.3766
-9.36253	-15.0189
-5.8071	-9.51156
1.24028	-10.2796
-10.1075	-10.0529
-0.475036	-12.8728
-1.74052	-13.9056
-0.824219	-8.32616
-1.02271	-9.64256
1.54118	-8.96751
-0.119667	-9.40344
0.239273	-6.20856
4.66611	-4.15691
-0.606407	-3.22645
2.72209	-8.82018
3.15285	-2.88906
-2.12154	-3.03563
-2.27663	-10.3372
5.41535	-3.21514
-4.99294	-9.53485
1.32923	-4.07207
-1.16694	-8.06619
-1.48342	-6.15161
2.28926	-5.65667
-2.21474	-4.55513
2.34777	-4.96435
-0.982094	-7.29554
2.63771	-12.3601
-0.433335	-5.23093
3.80813	5.35177
2.77957	-9.44785
-1.10621	-1.21028
7.4632	3.96414
1.72526	-8.16126
1.28704	-8.98499
0.879449	-2.17531
0.229862	-6.10948
-0.466739	-5.8175
-0.0262844	-6.88541
-3.32721	-5.10335
-13.6547	-2.70057
-15.2588	4.06214
-17.0751	-2.31518
-17.2986	-1.93485
-17.3456	-8.41772
-18.085	-14.1936
-20.5626	-12.1257
-20.8456	-15.9
-18.733	-14.0181
-19.948	-17.6872
-20.0354	-21.468
-9.71774	-28.9365
-1.89781	-21.3218
-0.502378	-20.5771
-0.270493	-20.7368
0.991998	-21.314
1.12853	-27.2347
2.75174	-28.6299
7.23621	-23.9429
4.77045	-15.4043
2.65041	-8.18812
-18.1566	-12.0622
-11.3753	-10.2671
-15.6391	-16.0344
-16.101	-12.9369
-16.8438	-8.65748
1.72033	-4.66254
2.63837	1.69067
4.3337	-6.12321
-7.53093	-3.89244
-3.71175	2.13652
-12.2526	-3.77922
-2.58036	-8.5176
-1.22701	-4.61391
-2.81834	-12.1849
-2.37578	-15.4082
-10.3223	-11.1833
-9.22036	-13.595
-10.9343	-12.1793
-12.5294	-12.4167
-11.2853	-13.4745
-3.55417	-7.96436
1.4114	-5.56138
4.19919	-10.7577
4.14469	-12.5523
-0.905065	-8.57654
1.93756	-10.7534
-0.69268	-14.3521
-6.62111	-5.69304
-12.9801	-11.1897
-16.1497	-7.372
-17.1687	-7.24048
-16.7611	-11.682
-17.1983	-14.4789
-10.8082	-18.4363
-7.06924	-14.1855
-7.3524	-5.84548
2.40857	-5.8448
-4.74468	-5.47362
-5.58955	-13.1788
-2.07834	-4.17509
-3.8234	1.81206
-3.7103	-13.4227
-2.22675	-13.8138
-4.66802	-12.2717
-6.436	-7.16081
-6.39026	-6.91974
-5.34412	-6.49357
6.96069	-5.61842
10.8761	-8.23868
8.61448	-10.5636
9.82461	-18.3054
9.22953	-30.5367
1.88037	-28.1286
0.0784277	-30.0029
-1.533	-28.1958
0.16447	-26.9064
-3.20431	-27.8929
-2.24993	-26.3625
-5.20485	-24.9895
-2.24641	-27.0202
3.05645	-23.9297
1.04307	-23.9422
5.41662	-12.8554
5.80647	-10.032
8.83503	-0.471493
10.0403	0.810944
8.86388	-2.55715
3.16293	-3.02643
-5.49086	-15.0298
-2.95635	-6.93419
2.29448	-9.56516
-0.289149	-5.96805
